0	7.85773
1	1.12148
2	1.19299
3	-2.17596
4	-1.08619
5	0.834189
6	-0.342196
7	1.02856
8	0.723151
9	-0.494891
10	-0.504526
11	-0.405757
12	0.244652
13	-0.443723
14	0.903427
15	0.128432
16	0.101816
17	-0.0445471
18	-2.02146
19	-0.370116
20	0.753186
21	0.679926
22	0.128735
23	-1.83217
24	-0.467493
25	-0.565496
26	-0.354104
27	-1.02012
28	-0.544863
29	0.91325
30	0.0656813
31	2.37427
32	1.28776
33	1.4446
34	0.32645
35	-1.12366
36	-0.99003
37	0.538692
38	1.02148
39	-1.15843
40	1.42004
41	0.211692
42	0.250536
43	-0.775469
44	2.03091
45	1.36732
46	-0.729953
47	-2.62501
48	-0.649888
49	0.954246
50	-0.153256
51	0.339717
52	0.40282
53	-0.171341
54	0.0112862
55	0.840011
56	1.13781
57	2.63948
58	0.276364
59	-1.51542
60	0.0670238
61	1.33173
62	-0.465643
63	-1.69605
64	1.18873
65	0.261604
66	-1.82153
67	-0.166817
68	-0.262132
69	0.322201
70	-1.44226
71	0.827171
72	0.00886045
73	1.3311
74	1.85376
75	-0.378851
76	-1.21651
77	-1.45685
78	1.53872
79	1.64661
80	-1.71529
81	0.877849
82	0.667456
83	-1.96784
84	-1.41144
85	-0.88638
86	0.968087
87	-1.15811
88	1.41812
89	0.489297
90	1.12468
91	-0.0506515
92	-0.404661
93	-0.116438
94	-0.111929
95	-0.577773
96	-0.855313
97	0.0959656
98	1.54527
99	-1.0051
100	0.404259
101	-1.52824
102	-0.0423135
103	-0.979639
104	0.598276
105	-0.65771
106	2.737
107	0.314951
108	-1.41304
109	-0.339474
110	-1.0193
111	-0.441685
112	0.382092
113	0.615479
114	0.905543
115	-0.750625
116	-1.22969
117	1.33783
118	1.32823
119	1.13819
120	-0.318511
121	0.544457
122	0.485388
123	1.88101
124	-2.28297
125	0.53471
126	0.300472
127	-0.510887
128	1.89211
129	-3.33739
130	-0.389685
131	0.329401
132	-0.0166388
133	1.06651
134	-1.18158
135	-2.14115
136	0.551513
137	0.611266
138	2.53692
139	2.28433
140	-0.303798
141	-0.749562
142	-1.93772
143	-0.907313
144	-1.1295
145	-0.127758
146	1.20634
147	-0.0246685
148	-0.982808
149	1.39411
150	0.552033
151	-2.14557
152	-1.21198
153	-0.154771
154	0.00111896
155	0.807668
156	-0.238335
157	2.47285
158	1.45455
159	0.691474
160	-1.69138
161	-1.66397
162	-0.0882844
163	1.26152
164	1.43393
165	0.0180043
166	-0.451035
167	0.518246
168	-1.56931
169	-0.160787
170	-1.02909
171	0.0864994
172	-1.34285
173	1.4049
174	0.358793
175	-0.0569984
176	0.976849
177	-0.581468
178	1.01694
179	0.938612
180	-0.0568265
181	-0.0941936
182	0.282343
183	0.286039
184	-2.13701
185	0.625303
186	0.436986
187	0.504665
188	-1.76217
189	0.858201
190	-1.9432
191	-0.627478
192	-0.0425427
193	0.314256
194	0.143206
195	-0.699746
196	-1.0389
197	-2.25247
198	0.011692
199	2.01236
200	0.590397
201	0.22511
202	1.65048
203	0.150646
204	0.0598267
205	-0.393627
206	2.15093
207	0.866672
208	-1.70975
209	0.637448
210	1.53138
211	-2.13995
212	1.90868
213	-1.01084
214	2.00792
215	-0.185777
216	-0.674002
217	-1.73012
218	-0.419739
219	0.483723
220	-0.718104
221	-0.353708
222	0.366084
223	-1.5257
224	-1.02036
225	-0.128821
226	-0.0393752
227	0.485643
228	-2.11224
229	-0.517557
230	0.436094
231	0.8273
232	-0.67456
233	-0.277079
234	-0.188489
235	1.35693
236	-1.83464
237	-0.0399691
238	1.9462
239	-1.04648
240	-0.64888
241	-0.854866
242	0.922801
243	-0.0469159
244	-0.0897874
245	-1.75341
246	0.596687
247	-0.605321
248	1.08612
249	0.00682071
250	-0.446577
251	-0.373284
252	-0.725437
253	-2.452
254	0.171551
255	-1.62692
256	0.574712
257	-1.25275
258	-0.36917
259	0.297473
260	-0.195228
261	-0.573547
262	-0.213622
263	1.85724
264	0.835076
265	-1.85186
266	1.23974
267	1.12037
268	-1.94509
269	0.514083
270	-0.133344
271	-0.327033
272	1.75944
273	1.60619
274	-0.226695
275	0.311728
276	-0.984249
277	-0.844642
278	-0.121864
279	1.3876
280	-1.92453
281	1.58972
282	-0.102245
283	1.31877
284	-0.536166
285	0.249357
286	0.559851
287	0.860561
288	0.547163
289	-0.109262
290	0.109893
291	-0.635264
292	-0.38668
293	-0.00310194
294	0.90388
295	-1.24493
296	0.160007
297	-0.257487
298	1.3551
299	1.07322
300	0.499675
301	-0.583865
302	-0.453087
303	-1.46028
304	-2.11821
305	-0.164971
306	-0.74486
307	-2.34024
308	-0.124136
309	-0.578392
310	-1.36103
311	0.943556
312	0.644138
313	-0.86197
314	0.0682309
315	2.41045
316	0.341945
317	-0.773054
318	1.32781
319	-0.386662
320	-0.845389
321	-1.01342
322	-0.698899
323	0.0129537
324	-1.20362
325	0.776211
326	-0.121651
327	1.08817
328	0.224193
329	-0.282353
330	0.539293
331	-1.67584
332	0.345045
333	-0.462614
334	-2.56362
335	0.9956
336	0.842559
337	-0.304096
338	0.449451
339	1.62629
340	0.602574
341	-0.187546
342	-2.00781
343	-0.612784
344	0.520565
345	-0.0196451
346	0.704399
347	-0.350643
348	-1.53645
349	0.598144
350	1.01725
351	0.203497
352	1.08917
353	-0.825204
354	-0.111862
355	0.187639
356	0.800247
357	-0.0855121
358	-0.781392
359	-0.497568
360	0.521628
361	0.0718069
362	-0.550545
363	-0.158777
364	0.504345
365	-1.54132
366	-1.25789
367	-0.885639
368	0.510559
369	0.196917
370	-1.2879
371	1.08313
372	1.21986
373	-1.3445
374	-1.27614
375	0.500883
376	0.0493251
377	1.16284
378	0.413417
379	0.217084
380	2.05727
381	0.554545
382	1.57446
383	0.972383
384	-1.25815
385	-0.826796
386	-0.836603
387	1.44441
388	1.01367
389	-1.24958
390	0.145513
391	-1.26862
392	0.273863
393	-1.202
394	1.63322
395	-0.311509
396	1.88932
397	-0.298196
398	-0.552449
399	-0.423221
400	-0.913135
401	-0.017476
402	2.22801
403	0.694563
404	0.196443
405	-2.03752
406	-0.336929
407	-0.0909842
408	0.157553
409	-2.03347
410	-0.0746274
411	-0.643519
412	-0.530533
413	-0.13866
414	0.315609
415	-0.601214
416	0.608096
417	-0.932965
418	-0.202163
419	-0.958458
420	-0.216008
421	0.492273
422	-0.981634
423	0.455387
424	-1.04762
425	-2.98776
426	1.04806
427	-0.155427
428	-1.06308
429	0.24858
430	0.894604
431	0.308232
432	0.658971
433	-0.0998495
434	-0.827678
435	0.402504
436	-0.627405
437	-0.00855787
438	0.0577716
439	-0.350954
440	0.0076723
441	-1.72516
442	0.626157
443	-0.0290134
444	0.746061
445	0.796253
446	1.4866
447	-1.00089
448	-1.61864
449	-0.550008
450	-0.21006
451	-0.407026
452	0.970098
453	0.368291
454	0.21713
455	-0.307806
456	0.983926
457	0.179898
458	-0.141674
459	0.795206
460	-1.64458
461	-2.02607
462	0.0341791
463	-1.3458
464	-0.477698
465	-1.22805
466	-0.502832
467	0.895645
468	0.295831
469	1.05294
470	0.526261
471	0.166835
472	-0.94381
473	0.276233
474	-0.158445
475	0.431659
476	-0.201064
477	-0.11155
478	-0.0829703
479	-1.21102
480	-0.189488
481	-1.77469
482	0.294653
483	-2.58604
484	-0.397579
485	-0.084061
486	1.2174
487	1.44353
488	-0.381537
489	1.53273
490	-1.41439
491	-0.513174
492	-1.50784
493	0.161288
494	-0.578626
495	-0.885123
496	0.621709
497	0.739826
498	-0.486655
499	0.463262
500	0.0605337
501	0.938361
502	0.193322
503	-2.26954
504	0.348907
505	0.490688
506	0.052787
507	-0.263883
508	0.980878
509	-1.01153
510	0.0917786
511	-0.248372
512	0.0808009
513	-0.619392
514	-0.839691
515	0.934983
516	-0.415716
517	0.607143
518	-0.263013
519	0.232869
520	0.650732
521	-0.650128
522	0.17625
523	-0.714744
524	-0.885453
525	0.38584
526	-2.8488
527	-1.22385
528	-0.59426
529	0.722403
530	-1.39227
531	-0.409508
532	-0.129087
533	0.0308919
534	0.2434
535	1.21684
536	3.02409
537	-1.07802
538	-1.01818
539	1.52693
540	2.01915
541	0.791771
542	-0.149582
543	0.566257
544	0.0992889
545	-0.159919
546	0.484565
547	-1.17847
548	-1.09894
549	-0.659812
550	0.43585
551	0.0723565
552	1.19186
553	0.00915024
554	0.172907
555	-0.367553
556	-0.185825
557	-0.487666
558	-1.32273
559	-0.533779
560	0.20691
561	0.0888962
562	0.443046
563	0.966317
564	0.0396199
565	-0.849833
566	0.748269
567	-0.147847
568	3.01016
569	-2.46736
570	-0.717811
571	-0.0306252
572	0.330306
573	-1.64467
574	-0.384198
575	0.14969
576	0.172704
577	0.725862
578	-0.962653
579	-1.02215
580	1.66579
581	-0.872369
582	0.80639
583	0.959215
584	0.789044
585	0.234401
586	1.67216
587	0.62731
588	1.30516
589	0.384218
590	0.728022
591	-1.67369
592	-1.42781
593	0.213203
594	-1.19727
595	1.44586
596	-1.63008
597	-1.61554
598	-1.93308
599	0.116631
600	1.2558
601	0.613452
602	0.868066
603	-0.632461
604	-1.4809
605	-0.447762
606	1.33669
607	-0.924926
608	0.11778
609	0.895405
610	0.967173
611	-1.05627
612	0.436062
613	-0.750173
614	0.466959
615	-0.402245
616	-0.244514
617	2.24946
618	3.49306
619	-1.63315
620	-1.22492
621	0.0422615
622	-0.655972
623	-0.887916
624	0.439564
625	-0.819972
626	-0.339775
627	0.494489
628	-0.0323313
629	2.27985
630	0.48636
631	0.0909425
632	0.846256
633	1.33215
634	0.683509
635	0.561015
636	0.304539
637	0.105064
638	-1.56849
639	0.0505393
640	-0.138362
641	0.152317
642	-0.98844
643	-0.870815
644	-0.816729
645	-1.46621
646	0.426989
647	0.555277
648	-0.548376
649	-0.142457
650	0.348177
651	0.52054
652	-0.591431
653	0.529
654	0.276239
655	-1.25263
656	1.61024
657	1.37071
658	1.01106
659	1.00424
660	1.72029
661	2.63353
662	-0.253209
663	0.28662
664	0.796016
665	-0.794841
666	0.96767
667	-0.596014
668	1.33761
669	0.0455078
670	0.918481
671	-0.647636
672	-0.97657
673	-0.273508
674	0.945929
675	0.811944
676	-0.611621
677	-1.51666
678	-0.90903
679	0.881359
680	-1.38573
681	1.11101
682	-0.371455
683	0.0849954
684	2.02705
685	0.0167065
686	0.403404
687	1.28813
688	2.25635
689	-1.02649
690	-1.15687
691	0.38784
692	0.652461
693	-0.668784
694	0.53649
695	0.33548
696	-0.554382
697	1.3648
698	-0.587602
699	0.59812
700	0.625838
701	1.54553
702	-1.59546
703	0.80185
704	1.34834
705	1.10864
706	-0.0806642
707	-1.20021
708	0.0670503
709	-1.03744
710	-0.493221
711	-0.726242
712	-0.991315
713	1.66154
714	-1.74565
715	-1.0915
716	-0.13142
717	-0.573426
718	0.393114
719	0.460923
720	1.56106
721	1.01424
722	-0.118719
723	0.632425
724	-0.344583
725	-0.0516169
726	0.977599
727	0.6225
728	0.611962
729	0.467361
730	1.35774
731	0.0237747
732	-0.444497
733	-0.640546
734	-1.30394
735	-0.939586
736	0.367057
737	1.65226
738	0.233448
739	-0.322298
740	-0.230263
741	1.57109
742	-0.82206
743	0.544085
744	-0.0863049
745	-0.417981
746	-1.17148
747	0.334695
748	-1.00319
749	1.24055
750	0.883775
751	0.377769
752	-0.0154562
753	-0.490172
754	-2.25521
755	0.538874
756	-0.884514
757	-0.59743
758	0.738112
759	1.16069
760	-1.43464
761	-0.6247
762	0.22447
763	0.205998
764	-0.352137
765	0.18886
766	-0.987192
767	0.873437
768	0.26614
769	-0.121325
770	-0.829766
771	-0.851329
772	-0.447139
773	-0.0234066
774	0.298202
775	-0.270439
776	-0.319262
777	-0.153495
778	1.04369
779	0.249749
780	-0.153223
781	-0.252831
782	-1.77976
783	1.30715
784	-0.804335
785	0.520392
786	-0.146636
787	-1.39123
788	0.341012
789	-1.39403
790	1.39313
791	1.25923
792	2.27867
793	0.122041
794	0.198151
795	0.658627
796	0.3483
797	1.07231
798	-0.257953
799	0.483607
800	1.89437
801	0.116083
802	0.348295
803	0.162976
804	1.59107
805	0.544998
806	2.04168
807	0.63357
808	-0.846482
809	0.456466
810	-0.454511
811	-1.38894
812	-0.262768
813	0.0722312
814	-0.6106
815	0.16802
816	2.07431
817	0.419063
818	0.81145
819	0.925614
820	-1.34054
821	-1.20502
822	-1.85219
823	-1.59068
824	-0.79677
825	-2.01068
826	-0.558995
827	0.100707
828	0.531181
829	2.0488
830	0.231601
831	0.458846
832	0.402741
833	0.12195
834	0.789652
835	1.29293
836	0.240642
837	-0.504643
838	0.454357
839	-0.369296
840	-0.966829
841	0.602049
842	-0.384269
843	0.0978618
844	-0.541853
845	-0.640156
846	0.215709
847	1.31225
848	-0.631705
849	0.508726
850	0.576593
851	0.752923
852	0.349384
853	-0.39114
854	-0.827652
855	-1.83255
856	-0.40118
857	-0.275311
858	-1.10386
859	-0.331513
860	-0.416097
861	-0.659594
862	-0.402843
863	-0.461688
864	-1.65871
865	0.759991
866	0.306402
867	-1.68889
868	0.0139767
869	0.769387
870	-0.656621
871	-1.87422
872	-1.49811
873	0.934067
874	0.272114
875	0.989217
876	-1.14994
877	-0.353618
878	0.69702
879	-0.348263
880	-1.63585
881	-0.0109737
882	0.362604
883	-0.662764
884	0.760401
885	1.27638
886	0.973474
887	-0.645755
888	-0.569696
889	-1.96336
890	-1.06354
891	-0.812752
892	-0.228931
893	1.00733
894	-0.140025
895	-0.648166
896	0.350074
897	0.672001
898	1.30529
899	0.299049
900	-1.66061
901	-0.116131
902	0.315858
903	-0.579789
904	0.898978
905	0.320323
906	0.403576
907	-0.621773
908	-0.388709
909	-0.738008
910	-0.331655
911	-0.518462
912	0.0646619
913	0.381425
914	-0.55451
915	0.26454
916	0.981248
917	-1.11908
918	-1.09769
919	0.2112
920	-0.295396
921	0.715061
922	-0.577899
923	-0.232461
924	-0.881766
925	0.342815
926	-0.233213
927	-0.169486
928	-1.27602
929	0.55411
930	-0.689695
931	0.813793
932	0.616896
933	-0.0117614
934	-0.42824
935	-0.516369
936	-0.22175
937	0.400963
938	-0.198153
939	-0.301721
940	1.1926
941	0.407978
942	0.786019
943	0.110258
944	-0.425162
945	-0.719196
946	-0.740128
947	1.26894
948	0.251094
949	-0.174113
950	0.737622
951	-1.28704
952	0.0893225
953	-0.818868
954	0.411912
955	-0.685178
956	-0.223538
957	1.70838
958	-2.04472
959	-0.438273
960	-0.181265
961	0.703624
962	0.554188
963	-0.459656
964	1.29678
965	0.0913936
966	0.57289
967	1.27253
968	-0.00154934
969	0.277495
970	1.6007
971	0.703715
972	2.11784
973	0.281599
974	0.133339
975	-0.156378
976	-0.33605
977	1.29478
978	-0.489534
979	0.687975
980	1.11788
981	2.34592
982	-0.60321
983	-0.46982
984	0.869274
985	-1.1511
986	-0.572486
987	1.29634
988	0.113365
989	1.29993
990	-1.28111
991	0.341788
992	-0.651894
993	0.828429
994	2.53088
995	-0.659826
996	-0.68949
997	-2.64953
998	-2.53808
999	0.435676
1000	-0.454136
1001	0.0736164
1002	-0.595104
1003	-1.72683
1004	-1.11207
1005	-0.621273
1006	-0.57078
1007	0.709874
1008	-0.0274028
1009	-0.22493
1010	0.448847
1011	-1.66808
1012	1.41571
1013	-0.318653
1014	1.74267
1015	0.981568
1016	0.4521
1017	-0.272248
1018	1.44315
1019	-0.351424
1020	-1.24819
1021	0.754946
1022	2.40944
1023	0.535434
