0	47.1166
0.00012207	35.957
0.000244141	53.7946
0.000366211	70.4876
0.000488281	39.9468
0.000610352	105.691
0.000732422	101.833
0.000854492	133.932
0.000976562	69.1664
0.00109863	68.1742
0.0012207	178.409
0.00134277	141.762
0.00146484	168.328
0.00158691	77.3305
0.00170898	32.2034
0.00183105	115.662
0.00195312	18.9056
0.0020752	39.4982
0.00219727	55.8339
0.00231934	110.352
0.00244141	42.0665
0.00256348	46.0087
0.00268555	95.6122
0.00280762	30.4954
0.00292969	53.0886
0.00305176	143.501
0.00317383	172.768
0.0032959	44.563
0.00341797	133.162
0.00354004	55.1139
0.00366211	103.705
0.00378418	83.0335
0.00390625	85.0621
0.00402832	152.602
0.00415039	60.6759
0.00427246	121.734
0.00439453	85.7003
0.0045166	17.3998
0.00463867	89.9202
0.00476074	101.12
0.00488281	56.3266
0.00500488	142.868
0.00512695	25.1055
0.00524902	33.8101
0.00537109	32.558
0.00549316	90.9962
0.00561523	165.04
0.0057373	143.207
0.00585938	86.6389
0.00598145	155.148
0.00610352	65.5469
0.00622559	15.0681
0.00634766	114.719
0.00646973	84.2739
0.0065918	80.6974
0.00671387	116.465
0.00683594	112.8
0.00695801	20.7495
0.00708008	108.689
0.00720215	7.74953
0.00732422	172.774
0.00744629	93.8242
0.00756836	63.8952
0.00769043	108.086
0.0078125	94.7721
0.00793457	70.0782
0.00805664	32.0885
0.00817871	68.7975
0.00830078	33.9611
0.00842285	59.6784
0.00854492	80.9694
0.00866699	142.644
0.00878906	37.1489
0.00891113	92.7426
0.0090332	40.1135
0.00915527	116.655
0.00927734	141.554
0.00939941	56.2841
0.00952148	53.0424
0.00964355	73.3636
0.00976562	64.7224
0.0098877	47.1958
0.0100098	42.5517
0.0101318	105.925
0.0102539	123.566
0.010376	35.8369
0.010498	91.7729
0.0106201	108.013
0.0107422	87.1557
0.0108643	54.264
0.0109863	32.33
0.0111084	150.214
0.0112305	62.4985
0.0113525	202.864
0.0114746	101.45
0.0115967	18.9447
0.0117188	100.244
0.0118408	70.1931
0.0119629	106.864
0.012085	89.1504
0.012207	68.922
0.0123291	51.2959
0.0124512	94.2323
0.0125732	25.574
0.0126953	197.345
0.0128174	95.1826
0.0129395	60.6407
0.0130615	78.3648
0.0131836	123.083
0.0133057	55.3397
0.0134277	55.0344
0.0135498	198.525
0.0136719	103.641
0.0137939	96.8933
0.013916	91.4907
0.0140381	243.318
0.0141602	154.906
0.0142822	101.434
0.0144043	66.162
0.0145264	95.49
0.0146484	101.103
0.0147705	50.7171
0.0148926	130.427
0.0150146	94.9647
0.0151367	108.462
0.0152588	123.029
0.0153809	65.0444
0.0155029	127.645
0.015625	163.758
0.0157471	110.185
0.0158691	90.704
0.0159912	128.359
0.0161133	43.5805
0.0162354	190.216
0.0163574	212.629
0.0164795	61.4997
0.0166016	47.9511
0.0167236	133.377
0.0168457	74.6016
0.0169678	10.0434
0.0170898	56.738
0.0172119	68.1398
0.017334	72.4227
0.0174561	63.1602
0.0175781	96.1131
0.0177002	137.957
0.0178223	67.443
0.0179443	151.662
0.0180664	146.803
0.0181885	63.1644
0.0183105	76.2264
0.0184326	58.2983
0.0185547	74.0432
0.0186768	62.061
0.0187988	76.5461
0.0189209	47.0838
0.019043	67.8772
0.019165	120.776
0.0192871	73.9748
0.0194092	99.1302
0.0195312	172.821
0.0196533	90.7454
0.0197754	59.2033
0.0198975	100.061
0.0200195	52.3328
0.0201416	36.1524
0.0202637	93.8537
0.0203857	145.488
0.0205078	74.9909
0.0206299	134.524
0.020752	141.209
0.020874	22.2977
0.0209961	127.659
0.0211182	119.652
0.0212402	129.042
0.0213623	44.7094
0.0214844	153.826
0.0216064	127.123
0.0217285	24.6353
0.0218506	41.09
0.0219727	120.589
0.0220947	62.1566
0.0222168	164.425
0.0223389	177.072
0.0224609	55.6186
0.022583	13.4019
0.0227051	37.9844
0.0228271	105.828
0.0229492	54.0838
0.0230713	102.864
0.0231934	55.7056
0.0233154	57.9541
0.0234375	187.441
0.0235596	96.5601
0.0236816	91.8262
0.0238037	100.615
0.0239258	101.668
0.0240479	84.832
0.0241699	46.7027
0.024292	13.9764
0.0244141	116.895
0.0245361	103.607
0.0246582	102.322
0.0247803	144.438
0.0249023	191.8
0.0250244	76.6436
0.0251465	30.3624
0.0252686	44.3485
0.0253906	35.1427
0.0255127	52.7732
0.0256348	32.1203
0.0257568	33.465
0.0258789	17.3305
0.026001	128.618
0.026123	64.9768
0.0262451	65.2411
0.0263672	52.8675
0.0264893	96.2389
0.0266113	62.0348
0.0267334	90.9602
0.0268555	129.024
0.0269775	139.326
0.0270996	51.6407
0.0272217	159.185
0.0273438	45.8578
0.0274658	34.0133
0.0275879	26.4208
0.02771	51.9952
0.027832	32.8307
0.0279541	86.6141
0.0280762	54.6425
0.0281982	94.5683
0.0283203	63.0104
0.0284424	62.9064
0.0285645	43.4959
0.0286865	138.963
0.0288086	75.8056
0.0289307	157.863
0.0290527	51.3453
0.0291748	59.2194
0.0292969	78.3295
0.0294189	62.6474
0.029541	144.356
0.0296631	51.5222
0.0297852	82.4422
0.0299072	70.1574
0.0300293	86.2478
0.0301514	65.6068
0.0302734	36.3137
0.0303955	87.4405
0.0305176	165.946
0.0306396	87.5084
0.0307617	157.658
0.0308838	121.325
0.0310059	47.9223
0.0311279	126.986
0.03125	43.1631
0.0313721	115.883
0.0314941	100.08
0.0316162	57.2208
0.0317383	50.3579
0.0318604	102.211
0.0319824	16.4817
0.0321045	98.3038
0.0322266	35.2333
0.0323486	45.7731
0.0324707	117.002
0.0325928	80.1649
0.0327148	85.271
0.0328369	127.918
0.032959	48.5083
0.0330811	101.206
0.0332031	109.068
0.0333252	52.5329
0.0334473	114.243
0.0335693	37.1569
0.0336914	135.931
0.0338135	77.3402
0.0339355	107.61
0.0340576	39.5432
0.0341797	30.0977
0.0343018	86.8628
0.0344238	57.1383
0.0345459	24.0054
0.034668	74.937
0.03479	72.3852
0.0349121	92.9381
0.0350342	46.2886
0.0351562	66.6088
0.0352783	22.424
0.0354004	103.327
0.0355225	17.4206
0.0356445	48.8005
0.0357666	69.8074
0.0358887	53.2228
0.0360107	83.5645
0.0361328	57.951
0.0362549	90.047
0.036377	80.339
0.036499	42.8081
0.0366211	32.7317
0.0367432	59.903
0.0368652	96.6904
0.0369873	110.434
0.0371094	63.7658
0.0372314	72.6192
0.0373535	100.677
0.0374756	130.909
0.0375977	140.388
0.0377197	52.197
0.0378418	106.361
0.0379639	90.8424
0.0380859	62.5704
0.038208	56.5855
0.0383301	34.5001
0.0384521	52.9899
0.0385742	117.906
0.0386963	151.635
0.0388184	71.7356
0.0389404	32.6587
0.0390625	79.1962
0.0391846	124.442
0.0393066	95.3564
0.0394287	110.63
0.0395508	24.2043
0.0396729	84.5013
0.0397949	49.8985
0.039917	205.985
0.0400391	79.362
0.0401611	33.1186
0.0402832	128.984
0.0404053	91.6361
0.0405273	39.083
0.0406494	76.8849
0.0407715	69.4435
0.0408936	84.1075
0.0410156	41.9393
0.0411377	108.246
0.0412598	148.145
0.0413818	44.1698
0.0415039	69.2932
0.041626	44.4885
0.041748	146.885
0.0418701	96.7387
0.0419922	87.0714
0.0421143	47.8676
0.0422363	112.371
0.0423584	46.2953
0.0424805	124.524
0.0426025	30.9062
0.0427246	63.5928
0.0428467	82.3495
0.0429688	124.256
0.0430908	124.642
0.0432129	22.9969
0.043335	18.8204
0.043457	183.589
0.0435791	50.4108
0.0437012	126.644
0.0438232	23.2313
0.0439453	152.921
0.0440674	97.3181
0.0441895	55.5043
0.0443115	98.5258
0.0444336	52.3544
0.0445557	98.3369
0.0446777	61.3269
0.0447998	66.129
0.0449219	102.695
0.0450439	99.5675
0.045166	113.438
0.0452881	54.4505
0.0454102	63.6083
0.0455322	50.9382
0.0456543	107.05
0.0457764	43.6967
0.0458984	95.1395
0.0460205	28.9874
0.0461426	32.1396
0.0462646	60.2976
0.0463867	206.712
0.0465088	78.2458
0.0466309	67.0771
0.0467529	44.7335
0.046875	127.844
0.0469971	69.9797
0.0471191	74.3547
0.0472412	101.972
0.0473633	74.4789
0.0474854	75.5999
0.0476074	151.395
0.0477295	28.5632
0.0478516	85.566
0.0479736	25.7998
0.0480957	40.4018
0.0482178	151.762
0.0483398	26.9415
0.0484619	115.299
0.048584	53.0536
0.0487061	45.4535
0.0488281	139.183
0.0489502	55.1137
0.0490723	39.9811
0.0491943	62.8293
0.0493164	40.1187
0.0494385	40.2535
0.0495605	66.7652
0.0496826	115.028
0.0498047	127.605
0.0499268	44.8618
0.0500488	128.156
0.0501709	110.399
0.050293	132.95
0.050415	44.3694
0.0505371	38.7286
0.0506592	158.706
0.0507812	52.022
0.0509033	52.3683
0.0510254	103.237
0.0511475	21.1315
0.0512695	47.3115
0.0513916	138.176
0.0515137	187.715
0.0516357	68.9117
0.0517578	40.6017
0.0518799	79.6714
0.052002	21.2807
0.052124	27.7789
0.0522461	70.2757
0.0523682	61.8817
0.0524902	81.3509
0.0526123	115.643
0.0527344	43.6445
0.0528564	67.1199
0.0529785	113.962
0.0531006	23.4632
0.0532227	102.82
0.0533447	61.5893
0.0534668	18.5617
0.0535889	91.1878
0.0537109	55.4372
0.053833	15.0844
0.0539551	87.8383
0.0540771	180.428
0.0541992	118.71
0.0543213	92.0915
0.0544434	96.9429
0.0545654	41.7148
0.0546875	84.057
0.0548096	43.0817
0.0549316	43.5188
0.0550537	131.385
0.0551758	116.855
0.0552979	70.0252
0.0554199	106.711
0.055542	58.8205
0.0556641	36.8886
0.0557861	36.9559
0.0559082	131.827
0.0560303	103.28
0.0561523	56.6608
0.0562744	22.9064
0.0563965	130.304
0.0565186	203.041
0.0566406	85.5
0.0567627	109.808
0.0568848	151.446
0.0570068	114.558
0.0571289	83.439
0.057251	52.7741
0.057373	20.5958
0.0574951	109.931
0.0576172	65.847
0.0577393	12.958
0.0578613	120.6
0.0579834	139.593
0.0581055	165.818
0.0582275	50.7884
0.0583496	120.118
0.0584717	79.4831
0.0585938	67.1914
0.0587158	59.2868
0.0588379	163.529
0.05896	49.813
0.059082	27.7626
0.0592041	42.8819
0.0593262	56.3222
0.0594482	34.4536
0.0595703	27.729
0.0596924	20.5655
0.0598145	86.9042
0.0599365	60.5275
0.0600586	70.4427
0.0601807	51.7117
0.0603027	173.462
0.0604248	93.0269
0.0605469	117.802
0.0606689	89.6373
0.060791	94.542
0.0609131	110.058
0.0610352	207.793
0.0611572	102.854
0.0612793	59.1642
0.0614014	47.9449
0.0615234	53.2844
0.0616455	68.2075
0.0617676	142.114
0.0618896	139.807
0.0620117	161.798
0.0621338	199.463
0.0622559	35.1372
0.0623779	71.3841
0.0625	55.4439
0.0626221	173.561
0.0627441	125.564
0.0628662	87.3851
0.0629883	108.161
0.0631104	61.714
0.0632324	54.8928
0.0633545	128.56
0.0634766	42.8999
0.0635986	142.046
0.0637207	68.9737
0.0638428	53.4706
0.0639648	119.166
0.0640869	22.7152
0.064209	36.4135
0.0643311	137.289
0.0644531	67.5225
0.0645752	51.3595
0.0646973	94.3237
0.0648193	18.4299
0.0649414	60.7226
0.0650635	62.7705
0.0651855	56.5579
0.0653076	70.3137
0.0654297	30.8615
0.0655518	59.9335
0.0656738	36.9314
0.0657959	81.1909
0.065918	114.415
0.06604	23.504
0.0661621	22.5362
0.0662842	41.0508
0.0664062	72.839
0.0665283	68.7729
0.0666504	18.1321
0.0667725	120.975
0.0668945	40.3076
0.0670166	56.8972
0.0671387	69.8587
0.0672607	74.1677
0.0673828	48.1677
0.0675049	130.722
0.067627	20.3582
0.067749	64.9648
0.0678711	80.1289
0.0679932	85.8346
0.0681152	74.4498
0.0682373	123.985
0.0683594	72.2086
0.0684814	113.945
0.0686035	81.2936
0.0687256	108.504
0.0688477	45.8628
0.0689697	67.6726
0.0690918	77.7405
0.0692139	157.552
0.0693359	29.7856
0.069458	78.5073
0.0695801	45.0916
0.0697021	72.127
0.0698242	71.6795
0.0699463	91.2773
0.0700684	6.98366
0.0701904	133.835
0.0703125	61.0522
0.0704346	26.1716
0.0705566	47.5197
0.0706787	82.3636
0.0708008	71.4979
0.0709229	45.1282
0.0710449	122.649
0.071167	139.547
0.0712891	31.2626
0.0714111	81.9382
0.0715332	111.421
0.0716553	36.3828
0.0717773	151.319
0.0718994	70.8311
0.0720215	61.588
0.0721436	85.0507
0.0722656	65.7177
0.0723877	54.2955
0.0725098	150.538
0.0726318	156.834
0.0727539	139.187
0.072876	75.9644
0.072998	93.7879
0.0731201	50.1447
0.0732422	12.381
0.0733643	67.3938
0.0734863	72.2662
0.0736084	73.9563
0.0737305	43.1235
0.0738525	93.2243
0.0739746	55.3249
0.0740967	191.176
0.0742188	7.8205
0.0743408	81.2636
0.0744629	84.856
0.074585	87.2717
0.074707	70.7805
0.0748291	174.764
0.0749512	55.4804
0.0750732	61.6798
0.0751953	209.974
0.0753174	73.2004
0.0754395	55.5746
0.0755615	51.8822
0.0756836	50.1807
0.0758057	62.2892
0.0759277	84.4462
0.0760498	155.115
0.0761719	54.2976
0.0762939	40.3133
0.076416	78.0028
0.0765381	116.967
0.0766602	52.771
0.0767822	93.1594
0.0769043	38.7875
0.0770264	33.1859
0.0771484	78.6984
0.0772705	71.4631
0.0773926	88.6222
0.0775146	48.8629
0.0776367	88.2851
0.0777588	39.3954
0.0778809	162.223
0.0780029	62.6928
0.078125	138.101
0.0782471	89.2039
0.0783691	64.9011
0.0784912	31.5774
0.0786133	142.726
0.0787354	89.005
0.0788574	75.2307
0.0789795	76.8828
0.0791016	89.8303
0.0792236	70.6948
0.0793457	63.1826
0.0794678	154.254
0.0795898	15.8922
0.0797119	93.2593
0.079834	153.173
0.0799561	60.1999
0.0800781	80.2358
0.0802002	50.7641
0.0803223	90.2071
0.0804443	170.859
0.0805664	46.8656
0.0806885	77.9974
0.0808105	163.335
0.0809326	61.8606
0.0810547	122.737
0.0811768	57.3173
0.0812988	83.5881
0.0814209	119.21
0.081543	84.4051
0.081665	36.8138
0.0817871	144.585
0.0819092	31.5066
0.0820312	79.5563
0.0821533	34.3699
0.0822754	98.2222
0.0823975	72.0395
0.0825195	54.9515
0.0826416	18.0024
0.0827637	126.283
0.0828857	133.596
0.0830078	84.2562
0.0831299	69.9685
0.083252	196.726
0.083374	89.1978
0.0834961	45.6647
0.0836182	150.426
0.0837402	46.0076
0.0838623	188.765
0.0839844	36.9839
0.0841064	67.7823
0.0842285	106.47
0.0843506	100.198
0.0844727	159.63
0.0845947	46.3884
0.0847168	13.467
0.0848389	60.971
0.0849609	50.9747
0.085083	81.6506
0.0852051	44.9939
0.0853271	53.3106
0.0854492	41.1291
0.0855713	99.8817
0.0856934	32.4415
0.0858154	10.5187
0.0859375	85.5367
0.0860596	54.1077
0.0861816	37.3837
0.0863037	22.1568
0.0864258	50.2967
0.0865479	180.659
0.0866699	101.721
0.086792	58.5135
0.0869141	56.3311
0.0870361	84.9575
0.0871582	85.6402
0.0872803	78.4758
0.0874023	26.3276
0.0875244	109.1
0.0876465	144.303
0.0877686	83.0046
0.0878906	71.767
0.0880127	104.883
0.0881348	16.7217
0.0882568	115.545
0.0883789	74.7074
0.088501	54.6302
0.088623	47.2337
0.0887451	52.9308
0.0888672	79.5399
0.0889893	90.2494
0.0891113	40.995
0.0892334	85.3812
0.0893555	86.4712
0.0894775	145.816
0.0895996	123.103
0.0897217	127.799
0.0898438	5.8664
0.0899658	67.9141
0.0900879	124.041
0.09021	92.7078
0.090332	60.7356
0.0904541	113.902
0.0905762	31.8891
0.0906982	32.2332
0.0908203	71.147
0.0909424	7.05112
0.0910645	88.7597
0.0911865	148.543
0.0913086	125.95
0.0914307	116.356
0.0915527	129.325
0.0916748	113.857
0.0917969	143.954
0.0919189	56.7841
0.092041	73.4699
0.0921631	118.398
0.0922852	77.6174
0.0924072	42.8025
0.0925293	148.602
0.0926514	83.4202
0.0927734	40.5959
0.0928955	90.8044
0.0930176	75.458
0.0931396	67.4852
0.0932617	78.529
0.0933838	79.2325
0.0935059	101.552
0.0936279	146.987
0.09375	53.2019
0.0938721	88.5217
0.0939941	52.3726
0.0941162	71.8647
0.0942383	31.2309
0.0943604	92.2938
0.0944824	73.4619
0.0946045	158.333
0.0947266	23.7313
0.0948486	68.846
0.0949707	85.3785
0.0950928	16.0686
0.0952148	110.486
0.0953369	53.7295
0.095459	115.612
0.0955811	71.4294
0.0957031	99.9902
0.0958252	155.597
0.0959473	73.3138
0.0960693	82.3314
0.0961914	49.3115
0.0963135	110.654
0.0964355	109.672
0.0965576	27.3777
0.0966797	50.3987
0.0968018	153.193
0.0969238	94.3966
0.0970459	66.4721
0.097168	54.2048
0.09729	135.009
0.0974121	101.417
0.0975342	154.111
0.0976562	195.825
0.0977783	100.689
0.0979004	81.1768
0.0980225	142.772
0.0981445	49.3498
0.0982666	59.9719
0.0983887	44.3249
0.0985107	13.298
0.0986328	107.888
0.0987549	40.0789
0.098877	56.8514
0.098999	161.165
0.0991211	211.006
0.0992432	35.6968
0.0993652	137.435
0.0994873	48.1785
0.0996094	59.8801
0.0997314	70.3658
0.0998535	53.5525
0.0999756	111.23
0.100098	113.99
0.10022	48.3909
0.100342	135.573
0.100464	81.7066
0.100586	56.7853
0.100708	100.008
0.10083	68.8304
0.100952	213.454
0.101074	38.9594
0.101196	56.8123
0.101318	147.15
0.10144	49.5843
0.101562	39.2628
0.101685	110.211
0.101807	21.0422
0.101929	82.5639
0.102051	184.781
0.102173	148.208
0.102295	143.946
0.102417	38.9741
0.102539	59.9087
0.102661	127.801
0.102783	100.661
0.102905	120.422
0.103027	139.366
0.103149	35.2368
0.103271	106.855
0.103394	75.5131
0.103516	85.6251
0.103638	46.9358
0.10376	90.3897
0.103882	42.3905
0.104004	116.287
0.104126	63.6088
0.104248	77.9252
0.10437	9.99485
0.104492	19.8327
0.104614	30.4573
0.104736	32.8138
0.104858	41.7498
0.10498	132.612
0.105103	52.9371
0.105225	53.6317
0.105347	47.6783
0.105469	116.583
0.105591	141.611
0.105713	97.6432
0.105835	95.2799
0.105957	56.2237
0.106079	99.0916
0.106201	51.2238
0.106323	106.528
0.106445	88.8054
0.106567	39.4313
0.106689	36.2905
0.106812	136.87
0.106934	99.8396
0.107056	88.7708
0.107178	35.7857
0.1073	53.5916
0.107422	68.2458
0.107544	127.789
0.107666	15.7574
0.107788	69.1656
0.10791	77.4338
0.108032	108.143
0.108154	90.5149
0.108276	226.342
0.108398	41.1777
0.108521	47.2944
0.108643	64.1492
0.108765	60.0331
0.108887	22.9705
0.109009	113.28
0.109131	120.02
0.109253	41.7605
0.109375	42.4861
0.109497	93.0498
0.109619	18.8441
0.109741	94.8108
0.109863	52.1959
0.109985	79.5088
0.110107	105.206
0.110229	52.3716
0.110352	107.455
0.110474	22.8441
0.110596	137.315
0.110718	44.7812
0.11084	119.301
0.110962	45.0911
0.111084	44.0568
0.111206	48.4526
0.111328	46.606
0.11145	121.066
0.111572	11.587
0.111694	68.4124
0.111816	138.093
0.111938	75.3161
0.112061	59.2711
0.112183	42.0827
0.112305	65.5235
0.112427	101.159
0.112549	38.7874
0.112671	144.279
0.112793	90.2997
0.112915	104.937
0.113037	83.4396
0.113159	52.8359
0.113281	73.1468
0.113403	44.8523
0.113525	47.2702
0.113647	41.7513
0.11377	40.915
0.113892	82.3306
0.114014	75.2024
0.114136	62.1433
0.114258	12.6315
0.11438	11.514
0.114502	202.918
0.114624	67.0884
0.114746	10.9529
0.114868	78.5574
0.11499	30.5044
0.115112	15.9658
0.115234	95.4697
0.115356	126.248
0.115479	22.6422
0.115601	58.0721
0.115723	128.67
0.115845	58.338
0.115967	42.8654
0.116089	134.478
0.116211	73.478
0.116333	56.2115
0.116455	34.731
0.116577	82.7914
0.116699	76.179
0.116821	159.157
0.116943	111.135
0.117065	150.87
0.117188	98.2845
0.11731	200.815
0.117432	78.2379
0.117554	172.632
0.117676	96.8579
0.117798	67.0794
0.11792	68.8965
0.118042	58.3742
0.118164	76.6144
0.118286	72.4885
0.118408	131.389
0.11853	64.0284
0.118652	135.985
0.118774	84.0731
0.118896	78.0303
0.119019	71.3963
0.119141	37.6252
0.119263	92.3796
0.119385	97.6643
0.119507	154.863
0.119629	54.4563
0.119751	48.0283
0.119873	164.077
0.119995	30.9924
0.120117	26.7985
0.120239	21.4419
0.120361	65.7014
0.120483	96.47
0.120605	16.2432
0.120728	52.356
0.12085	132.808
0.120972	24.3837
0.121094	96.5157
0.121216	13.106
0.121338	79.785
0.12146	101.922
0.121582	131.095
0.121704	91.1066
0.121826	108.321
0.121948	109.676
0.12207	51.3888
0.122192	47.9888
0.122314	39.4972
0.122437	109.185
0.122559	57.9811
0.122681	71.2905
0.122803	138.6
0.122925	44.9174
0.123047	92.442
0.123169	163.882
0.123291	127.303
0.123413	86.3284
0.123535	119.461
0.123657	72.5743
0.123779	100.165
0.123901	114.744
0.124023	47.7558
0.124146	127.838
0.124268	113.251
0.12439	57.3993
0.124512	97.3233
0.124634	95.6308
0.124756	155.738
0.124878	99.8108
0.125	100.623
0.125122	167.334
0.125244	154
0.125366	139.948
0.125488	118.867
0.12561	53.9437
0.125732	59.2712
0.125854	154.697
0.125977	37.8583
0.126099	109.328
0.126221	52.7043
0.126343	103.981
0.126465	106.162
0.126587	24.2867
0.126709	52.8268
0.126831	63.3232
0.126953	98.8075
0.127075	168.111
0.127197	80.4572
0.127319	134.007
0.127441	56.6704
0.127563	101.949
0.127686	78.5494
0.127808	100.183
0.12793	92.167
0.128052	69.2207
0.128174	73.508
0.128296	45.5585
0.128418	61.115
0.12854	61.3605
0.128662	34.0296
0.128784	47.234
0.128906	27.9068
0.129028	18.6506
0.12915	24.8309
0.129272	62.7856
0.129395	28.9032
0.129517	141.107
0.129639	144.934
0.129761	42.843
0.129883	142.473
0.130005	155.723
0.130127	107.681
0.130249	164.374
0.130371	103.913
0.130493	124.51
0.130615	80.9848
0.130737	50.9802
0.130859	82.8673
0.130981	114.118
0.131104	37.5605
0.131226	98.2364
0.131348	32.8922
0.13147	174.218
0.131592	139.023
0.131714	75.7821
0.131836	32.1367
0.131958	61.2403
0.13208	23.3375
0.132202	159.99
0.132324	152.924
0.132446	53.6914
0.132568	59.6935
0.13269	39.6466
0.132812	38.2161
0.132935	10.1589
0.133057	128.588
0.133179	87.6587
0.133301	174.256
0.133423	69.4533
0.133545	52.3138
0.133667	113.158
0.133789	77.2866
0.133911	126.047
0.134033	121.605
0.134155	89.6668
0.134277	86.3347
0.134399	85.2981
0.134521	74.9404
0.134644	94.3906
0.134766	45.7946
0.134888	91.6394
0.13501	92.7734
0.135132	31.7165
0.135254	29.3484
0.135376	39.8769
0.135498	111.33
0.13562	101.738
0.135742	90.8372
0.135864	128.028
0.135986	40.5621
0.136108	154.316
0.13623	51.4632
0.136353	63.7442
0.136475	56.0949
0.136597	99.9025
0.136719	50.1988
0.136841	109.635
0.136963	98.7795
0.137085	80.6842
0.137207	51.2003
0.137329	72.8349
0.137451	117.957
0.137573	106.516
0.137695	24.3329
0.137817	3.75232
0.137939	77.6924
0.138062	84.9194
0.138184	88.4868
0.138306	40.0563
0.138428	19.5634
0.13855	91.4608
0.138672	131.871
0.138794	18.0163
0.138916	117.126
0.139038	53.39
0.13916	92.2241
0.139282	241.902
0.139404	60.0546
0.139526	115.144
0.139648	66.6399
0.139771	54.5625
0.139893	83.0449
0.140015	38.2669
0.140137	63.9466
0.140259	29.6417
0.140381	138.438
0.140503	91.4247
0.140625	162.966
0.140747	10.5373
0.140869	73.3113
0.140991	46.3679
0.141113	79.3927
0.141235	77.8359
0.141357	76.3222
0.141479	74.2813
0.141602	49.0492
0.141724	143.92
0.141846	109.856
0.141968	111.733
0.14209	116.127
0.142212	154.166
0.142334	52.9238
0.142456	75.2244
0.142578	61.1903
0.1427	108.999
0.142822	91.4261
0.142944	64.0937
0.143066	46.0932
0.143188	77.0056
0.143311	69.8494
0.143433	39.4257
0.143555	48.3514
0.143677	52.4069
0.143799	40.3616
0.143921	102.782
0.144043	57.6697
0.144165	56.8972
0.144287	54.6372
0.144409	52.7638
0.144531	75.416
0.144653	48.2843
0.144775	71.9574
0.144897	68.6581
0.14502	19.157
0.145142	51.8884
0.145264	82.2098
0.145386	90.0173
0.145508	65.1515
0.14563	133.66
0.145752	6.52164
0.145874	73.6805
0.145996	137.692
0.146118	26.7804
0.14624	108.83
0.146362	60.2406
0.146484	118.09
0.146606	62.7433
0.146729	8.46347
0.146851	26.0439
0.146973	158.831
0.147095	107.961
0.147217	61.6537
0.147339	106.571
0.147461	158.391
0.147583	122.428
0.147705	102.323
0.147827	66.9741
0.147949	161.128
0.148071	96.455
0.148193	173.282
0.148315	91.8921
0.148438	83.4919
0.14856	98.3541
0.148682	73.9095
0.148804	42.8906
0.148926	48.865
0.149048	165.564
0.14917	132.619
0.149292	92.3676
0.149414	34.7245
0.149536	96.6216
0.149658	142.117
0.14978	86.1072
0.149902	4.41596
0.150024	40.7559
0.150146	77.6896
0.150269	163.652
0.150391	61.1691
0.150513	100.599
0.150635	19.49
0.150757	45.9252
0.150879	136.994
0.151001	134
0.151123	56.3789
0.151245	32.7841
0.151367	147.415
0.151489	116.288
0.151611	73.4589
0.151733	93.5098
0.151855	45.6179
0.151978	71.5446
0.1521	123.031
0.152222	115.916
0.152344	74.9387
0.152466	71.0363
0.152588	47.5675
0.15271	58.7952
0.152832	79.5686
0.152954	100.423
0.153076	71.9069
0.153198	82.2718
0.15332	129.022
0.153442	92.4994
0.153564	109.335
0.153687	55.5969
0.153809	27.1486
0.153931	61.0317
0.154053	48.1502
0.154175	93.7287
0.154297	126.027
0.154419	100.392
0.154541	50.2683
0.154663	126.387
0.154785	89.7553
0.154907	23.3681
0.155029	111.37
0.155151	206.517
0.155273	164.594
0.155396	51.0047
0.155518	141.17
0.15564	63.5808
0.155762	84.646
0.155884	22.252
0.156006	52.019
0.156128	146.205
0.15625	57.4655
0.156372	107.447
0.156494	131.083
0.156616	49.0676
0.156738	39.681
0.15686	129.904
0.156982	93.6951
0.157104	10.0235
0.157227	62.4788
0.157349	57.1745
0.157471	165.264
0.157593	126.086
0.157715	25.485
0.157837	17.9065
0.157959	20.1034
0.158081	53.4177
0.158203	93.7427
0.158325	32.2033
0.158447	74.4764
0.158569	46.6612
0.158691	52.9874
0.158813	51.4743
0.158936	144.332
0.159058	35.5452
0.15918	39.5314
0.159302	115.149
0.159424	111.274
0.159546	65.6705
0.159668	33.1001
0.15979	73.145
0.159912	120.579
0.160034	100.17
0.160156	89.4158
0.160278	74.6259
0.1604	72.4178
0.160522	55.7847
0.160645	24.9649
0.160767	79.248
0.160889	1.60066
0.161011	83.6208
0.161133	39.7035
0.161255	61.3908
0.161377	78.4173
0.161499	78.0589
0.161621	136.357
0.161743	85.9653
0.161865	73.6138
0.161987	38.7105
0.162109	63.3742
0.162231	20.6417
0.162354	113.778
0.162476	160.898
0.162598	23.6132
0.16272	99.2872
0.162842	164.686
0.162964	69.4359
0.163086	70.8192
0.163208	33.5063
0.16333	11.5919
0.163452	134.926
0.163574	99.8784
0.163696	47.0142
0.163818	106.845
0.16394	42.5571
0.164062	79.7407
0.164185	97.2372
0.164307	52.8601
0.164429	100.781
0.164551	63.4754
0.164673	123.456
0.164795	122.61
0.164917	105.138
0.165039	61.6428
0.165161	68.4801
0.165283	130.849
0.165405	188.203
0.165527	42.5472
0.165649	71.5321
0.165771	81.6214
0.165894	107.052
0.166016	43.9917
0.166138	85.0895
0.16626	170.617
0.166382	62.4038
0.166504	62.0388
0.166626	60.8665
0.166748	78.5944
0.16687	25.9523
0.166992	13.6442
0.167114	144.042
0.167236	57.8626
0.167358	99.9628
0.16748	119.63
0.167603	3.53055
0.167725	89.2112
0.167847	45.3994
0.167969	52.2176
0.168091	169.186
0.168213	128.878
0.168335	65.3734
0.168457	35.1309
0.168579	39.1698
0.168701	63.499
0.168823	28.5493
0.168945	122.718
0.169067	90.9551
0.169189	16.1462
0.169312	62.1612
0.169434	116.73
0.169556	95.0924
0.169678	112.532
0.1698	100.495
0.169922	122.022
0.170044	14.0644
0.170166	83.6086
0.170288	108.063
0.17041	58.7563
0.170532	18.6077
0.170654	47.0365
0.170776	45.1933
0.170898	34.755
0.171021	52.1219
0.171143	27.9454
0.171265	75.4826
0.171387	18.5329
0.171509	48.7237
0.171631	148.982
0.171753	41.797
0.171875	136.121
0.171997	80.5924
0.172119	66.2058
0.172241	49.5893
0.172363	113.304
0.172485	77.18
0.172607	21.4709
0.172729	42.1047
0.172852	99.0861
0.172974	130.073
0.173096	222.319
0.173218	29.1503
0.17334	56.9044
0.173462	116.008
0.173584	95.3469
0.173706	107.786
0.173828	84.5288
0.17395	72.3693
0.174072	94.7781
0.174194	96.0966
0.174316	96.6508
0.174438	104.747
0.174561	89.0278
0.174683	41.3683
0.174805	27.4701
0.174927	90.5213
0.175049	47.5868
0.175171	23.7227
0.175293	47.9498
0.175415	23.8605
0.175537	72.251
0.175659	66.0955
0.175781	48.6159
0.175903	43.3415
0.176025	27.721
0.176147	141.045
0.17627	128.164
0.176392	35.4535
0.176514	52.5714
0.176636	107.005
0.176758	127.021
0.17688	80.5222
0.177002	41.0164
0.177124	58.0449
0.177246	114.507
0.177368	135.345
0.17749	62.5858
0.177612	123.203
0.177734	16.4788
0.177856	53.6352
0.177979	59.9098
0.178101	23.8844
0.178223	33.1906
0.178345	17.215
0.178467	71.9149
0.178589	98.0471
0.178711	181.362
0.178833	70.7586
0.178955	136.529
0.179077	95.5317
0.179199	55.1429
0.179321	43.2178
0.179443	99.9887
0.179565	24.3409
0.179688	62.1771
0.17981	29.1749
0.179932	87.0293
0.180054	22.6526
0.180176	68.9174
0.180298	36.5676
0.18042	25.9514
0.180542	25.4689
0.180664	27.9217
0.180786	114.074
0.180908	156.327
0.18103	144.221
0.181152	80.8388
0.181274	135.759
0.181396	63.3094
0.181519	101.547
0.181641	79.6621
0.181763	97.1966
0.181885	106.327
0.182007	55.9339
0.182129	38.9379
0.182251	71.4875
0.182373	58.2657
0.182495	63.7349
0.182617	106.078
0.182739	131.512
0.182861	34.9236
0.182983	114.528
0.183105	85.7363
0.183228	94.7001
0.18335	70.2905
0.183472	46.598
0.183594	66.0994
0.183716	89.3901
0.183838	13.5149
0.18396	33.2087
0.184082	27.4105
0.184204	58.3344
0.184326	38.2989
0.184448	77.7695
0.18457	27.1368
0.184692	140.916
0.184814	24.7364
0.184937	47.9033
0.185059	52.5128
0.185181	42.4091
0.185303	242.402
0.185425	8.91541
0.185547	28.8417
0.185669	29.6918
0.185791	88.7727
0.185913	61.2548
0.186035	74.6217
0.186157	148.72
0.186279	105.672
0.186401	91.0852
0.186523	81.3214
0.186646	123.515
0.186768	8.44263
0.18689	108.866
0.187012	110.598
0.187134	100.996
0.187256	69.6486
0.187378	34.2313
0.1875	36.524
0.187622	61.9204
0.187744	17.5881
0.187866	93.3862
0.187988	50.6258
0.18811	30.9515
0.188232	62.6625
0.188354	61.0394
0.188477	44.6409
0.188599	109.307
0.188721	46.883
0.188843	111.251
0.188965	133.049
0.189087	48.0933
0.189209	64.8346
0.189331	41.7092
0.189453	49.5938
0.189575	155.114
0.189697	129.5
0.189819	41.0742
0.189941	25.19
0.190063	81.5899
0.190186	158.851
0.190308	109.901
0.19043	13.5872
0.190552	11.4471
0.190674	127.668
0.190796	96.8107
0.190918	70.9923
0.19104	77.8449
0.191162	48.5887
0.191284	81.237
0.191406	38.3422
0.191528	119.453
0.19165	89.9081
0.191772	65.8604
0.191895	56.0953
0.192017	54.9191
0.192139	32.8677
0.192261	120.514
0.192383	36.7017
0.192505	129.007
0.192627	78.2987
0.192749	124.9
0.192871	49.9937
0.192993	102.491
0.193115	80.6873
0.193237	141.284
0.193359	122.142
0.193481	37.0293
0.193604	68.0162
0.193726	189.693
0.193848	36.3714
0.19397	135.184
0.194092	171.563
0.194214	80.4402
0.194336	20.033
0.194458	62.6137
0.19458	102.116
0.194702	52.8584
0.194824	27.1888
0.194946	49.1512
0.195068	79.4984
0.19519	96.597
0.195312	91.3253
0.195435	89.3803
0.195557	50.0797
0.195679	73.252
0.195801	124.833
0.195923	66.172
0.196045	60.2811
0.196167	93.9464
0.196289	60.2294
0.196411	80.3425
0.196533	113.06
0.196655	171.897
0.196777	60.8628
0.196899	34.5271
0.197021	53.9101
0.197144	43.054
0.197266	69.2225
0.197388	95.2497
0.19751	127.35
0.197632	80.3335
0.197754	41.4459
0.197876	30.5894
0.197998	80.4831
0.19812	73.3282
0.198242	191.596
0.198364	98.0503
0.198486	78.0319
0.198608	83.8626
0.19873	73.737
0.198853	125.723
0.198975	87.8275
0.199097	124.4
0.199219	82.6285
0.199341	110.82
0.199463	44.4566
0.199585	37.7727
0.199707	53.3808
0.199829	33.5008
0.199951	26.6978
0.200073	17.9402
0.200195	82.1544
0.200317	132.069
0.200439	122.388
0.200562	74.5256
0.200684	133.844
0.200806	81.7608
0.200928	54.3572
0.20105	115.948
0.201172	68.5147
0.201294	111.954
0.201416	99.0957
0.201538	118.81
0.20166	51.39
0.201782	6.00004
0.201904	9.23372
0.202026	39.4173
0.202148	23.0195
0.202271	60.8392
0.202393	31.7852
0.202515	30.105
0.202637	61.5582
0.202759	58.7125
0.202881	39.918
0.203003	86.1777
0.203125	57.5011
0.203247	81.6217
0.203369	100.018
0.203491	62.8041
0.203613	65.5348
0.203735	33.7618
0.203857	75.7011
0.203979	53.3306
0.204102	77.0779
0.204224	31.013
0.204346	103.053
0.204468	67.4308
0.20459	46.3357
0.204712	192.821
0.204834	158.387
0.204956	17.3549
0.205078	31.4388
0.2052	36.7853
0.205322	121.694
0.205444	84.6481
0.205566	132.822
0.205688	94.8669
0.205811	91.6398
0.205933	42.9984
0.206055	68.2807
0.206177	43.1149
0.206299	20.2204
0.206421	100.424
0.206543	132.438
0.206665	41.2034
0.206787	57.733
0.206909	79.3352
0.207031	50.1328
0.207153	98.6986
0.207275	161.194
0.207397	33.6552
0.20752	89.6614
0.207642	206.886
0.207764	125.235
0.207886	44.7993
0.208008	86.0498
0.20813	136.708
0.208252	43.0755
0.208374	53.8227
0.208496	56.0107
0.208618	59.534
0.20874	43.8241
0.208862	99.5073
0.208984	28.5783
0.209106	51.8864
0.209229	40.1122
0.209351	134.322
0.209473	141.059
0.209595	93.8487
0.209717	72.4504
0.209839	44.0847
0.209961	58.1838
0.210083	59.1021
0.210205	117.498
0.210327	65.0795
0.210449	47.0391
0.210571	32.8136
0.210693	125.728
0.210815	91.4886
0.210938	111.321
0.21106	77.7101
0.211182	44.4807
0.211304	96.7875
0.211426	154.173
0.211548	56.9177
0.21167	66.8569
0.211792	34.1307
0.211914	137.979
0.212036	163.536
0.212158	111.549
0.21228	131.119
0.212402	55.4579
0.212524	7.79428
0.212646	68.1439
0.212769	27.7795
0.212891	8.86021
0.213013	143.147
0.213135	174
0.213257	36.428
0.213379	46.2501
0.213501	10.6726
0.213623	103.721
0.213745	76.3601
0.213867	75.6624
0.213989	105.083
0.214111	71.8058
0.214233	116.99
0.214355	102.521
0.214478	39.4621
0.2146	79.6091
0.214722	60.256
0.214844	37.3536
0.214966	26.0307
0.215088	6.82341
0.21521	45.4162
0.215332	37.464
0.215454	17.4571
0.215576	69.6407
0.215698	5.32498
0.21582	63.0846
0.215942	199.32
0.216064	71.2262
0.216187	128.977
0.216309	19.555
0.216431	54.5246
0.216553	36.5534
0.216675	126.95
0.216797	45.4129
0.216919	142.97
0.217041	123.847
0.217163	81.6878
0.217285	148.479
0.217407	54.9943
0.217529	16.777
0.217651	33.0065
0.217773	65.4738
0.217896	73.2527
0.218018	39.7162
0.21814	32.4099
0.218262	54.1402
0.218384	93.5351
0.218506	92.3808
0.218628	73.5243
0.21875	125.224
0.218872	86.0346
0.218994	118.386
0.219116	100.31
0.219238	63.4596
0.21936	130.285
0.219482	34.2064
0.219604	108.16
0.219727	15.0239
0.219849	104.668
0.219971	91.349
0.220093	94.9124
0.220215	48.6249
0.220337	68.1456
0.220459	40.4384
0.220581	58.6396
0.220703	65.0414
0.220825	63.8666
0.220947	182.94
0.221069	34.2229
0.221191	97.3031
0.221313	80.729
0.221436	50.7441
0.221558	74.6985
0.22168	180.467
0.221802	40.7283
0.221924	65.3944
0.222046	71.0753
0.222168	85.3126
0.22229	24.1789
0.222412	60.8061
0.222534	83.3751
0.222656	78.7072
0.222778	80.2866
0.2229	106.875
0.223022	85.7948
0.223145	27.4535
0.223267	40.0176
0.223389	92.7684
0.223511	115.615
0.223633	33.8103
0.223755	18.7942
0.223877	85.5544
0.223999	87.1432
0.224121	121.042
0.224243	99.9836
0.224365	88.1011
0.224487	79.5586
0.224609	91.4566
0.224731	25.2966
0.224854	30.4066
0.224976	40.6557
0.225098	28.2411
0.22522	50.0963
0.225342	132.03
0.225464	118.32
0.225586	69.5901
0.225708	38.9923
0.22583	166.967
0.225952	102.463
0.226074	6.06031
0.226196	175.146
0.226318	75.2502
0.22644	99.1071
0.226562	25.6767
0.226685	128.954
0.226807	21.4718
0.226929	93.7731
0.227051	127.438
0.227173	41.918
0.227295	119.265
0.227417	58.923
0.227539	95.8127
0.227661	44.1827
0.227783	78.1102
0.227905	183.406
0.228027	198.454
0.228149	67.7988
0.228271	39.2281
0.228394	25.1107
0.228516	98.1657
0.228638	16.2015
0.22876	143.962
0.228882	65.3908
0.229004	138.763
0.229126	73.9185
0.229248	66.1682
0.22937	39.6357
0.229492	42.022
0.229614	7.94811
0.229736	94.7974
0.229858	52.5082
0.22998	80.218
0.230103	163.986
0.230225	129.547
0.230347	69.5757
0.230469	227.35
0.230591	209.557
0.230713	76.7322
0.230835	36.4076
0.230957	15.9906
0.231079	100.495
0.231201	83.131
0.231323	88.1483
0.231445	123.797
0.231567	50.7957
0.231689	56.7409
0.231812	62.1723
0.231934	27.8769
0.232056	62.4725
0.232178	121.91
0.2323	137.336
0.232422	64.4683
0.232544	60.6451
0.232666	70.1967
0.232788	37.6276
0.23291	177.54
0.233032	63.2546
0.233154	25.4851
0.233276	142.64
0.233398	36.8802
0.233521	22.0193
0.233643	82.4942
0.233765	100.218
0.233887	62.663
0.234009	55.8834
0.234131	11.6541
0.234253	66.2974
0.234375	21.1189
0.234497	139.328
0.234619	57.6611
0.234741	51.8944
0.234863	100.533
0.234985	32.325
0.235107	85.4157
0.235229	66.7505
0.235352	14.9524
0.235474	102.007
0.235596	104.921
0.235718	82.9517
0.23584	74.7541
0.235962	48.6786
0.236084	91.3653
0.236206	103.648
0.236328	121.654
0.23645	153.889
0.236572	103.374
0.236694	80.3412
0.236816	82.2814
0.236938	148.017
0.237061	58.0268
0.237183	77.8361
0.237305	51.2698
0.237427	60.1712
0.237549	100.484
0.237671	26.3496
0.237793	7.03483
0.237915	73.8957
0.238037	135.914
0.238159	54.2358
0.238281	109.315
0.238403	46.615
0.238525	60.4587
0.238647	18.0109
0.23877	37.113
0.238892	98.2917
0.239014	36.8191
0.239136	65.8382
0.239258	14.0779
0.23938	119.616
0.239502	119.577
0.239624	20.5456
0.239746	56.9487
0.239868	130.834
0.23999	57.559
0.240112	90.199
0.240234	71.1437
0.240356	53.7151
0.240479	112.66
0.240601	29.0682
0.240723	43.259
0.240845	36.9083
0.240967	34.2366
0.241089	64.4995
0.241211	54.1614
0.241333	103.751
0.241455	103.054
0.241577	92.0795
0.241699	23.5112
0.241821	11.9769
0.241943	36.6809
0.242065	89.3307
0.242188	47.8167
0.24231	12.5649
0.242432	96.6824
0.242554	87.3969
0.242676	121.494
0.242798	76.8078
0.24292	188.061
0.243042	124.508
0.243164	69.4065
0.243286	97.9887
0.243408	96.7766
0.24353	47.4261
0.243652	108.921
0.243774	46.8495
0.243896	96.333
0.244019	166.866
0.244141	121.21
0.244263	19.2504
0.244385	74.2836
0.244507	24.6397
0.244629	122.271
0.244751	84.2709
0.244873	122.458
0.244995	226.112
0.245117	86.3906
0.245239	68.1525
0.245361	44.3991
0.245483	87.9938
0.245605	39.0813
0.245728	116.624
0.24585	10.9308
0.245972	71.6937
0.246094	54.3617
0.246216	70.5496
0.246338	30.4004
0.24646	105.769
0.246582	116.291
0.246704	64.9016
0.246826	65.6062
0.246948	135.759
0.24707	51.005
0.247192	109.529
0.247314	120.004
0.247437	121.814
0.247559	78.7968
0.247681	75.1177
0.247803	61.4507
0.247925	261.767
0.248047	41.0543
0.248169	134.988
0.248291	33.1419
0.248413	30.723
0.248535	109.298
0.248657	68.7995
0.248779	98.7659
0.248901	47.2311
0.249023	114.365
0.249146	134.577
0.249268	40.8135
0.24939	36.9985
0.249512	64.6418
0.249634	47.5189
0.249756	21.4323
0.249878	32.9249
0.25	41.9777
-0.499756	129.98
-0.499512	22.1525
-0.499268	86.7401
-0.499023	55.2989
-0.498779	180.691
-0.498535	164.003
-0.498291	37.0808
-0.498047	69.8854
-0.497803	99.1408
-0.497559	52.4907
-0.497314	71.7868
-0.49707	55.8918
-0.496826	69.3979
-0.496582	118.234
-0.496338	81.9238
-0.496094	60.9585
-0.49585	71.8763
-0.495605	83.704
-0.495361	44.1287
-0.495117	51.5741
-0.494873	48.4422
-0.494629	71.216
-0.494385	32.1387
-0.494141	41.817
-0.493896	41.0811
-0.493652	56.8998
-0.493408	69.5463
-0.493164	73.928
-0.49292	37.5904
-0.492676	109.476
-0.492432	36.7751
-0.492188	102.665
-0.491943	22.6702
-0.491699	33.3195
-0.491455	122.66
-0.491211	43.6006
-0.490967	58.0361
-0.490723	89.1421
-0.490479	88.1619
-0.490234	76.4165
-0.48999	35.9462
-0.489746	93.9649
-0.489502	111.171
-0.489258	150.446
-0.489014	36.1201
-0.48877	67.1514
-0.488525	65.3505
-0.488281	110.944
-0.488037	141.486
-0.487793	175.676
-0.487549	33.4032
-0.487305	99.7847
-0.487061	56.7992
-0.486816	69.6911
-0.486572	157.759
-0.486328	88.1091
-0.486084	178.175
-0.48584	84.8319
-0.485596	92.0269
-0.485352	99.395
-0.485107	28.0531
-0.484863	75.9656
-0.484619	136.885
-0.484375	56.15
-0.484131	61.4701
-0.483887	108.537
-0.483643	25.342
-0.483398	100.612
-0.483154	64.0471
-0.48291	81.1701
-0.482666	117.24
-0.482422	53.7385
-0.482178	51.1309
-0.481934	77.6606
-0.481689	85.4161
-0.481445	62.0525
-0.481201	100.539
-0.480957	150.006
-0.480713	113.011
-0.480469	188.892
-0.480225	24.6291
-0.47998	140.497
-0.479736	42.5599
-0.479492	100.735
-0.479248	117.127
-0.479004	13.0108
-0.47876	64.7027
-0.478516	61.0075
-0.478271	122.067
-0.478027	105.624
-0.477783	113.205
-0.477539	43.2181
-0.477295	91.5557
-0.477051	16.6478
-0.476807	63.6177
-0.476562	93.5047
-0.476318	94.3544
-0.476074	53.7736
-0.47583	81.5735
-0.475586	85.5059
-0.475342	90.3195
-0.475098	67.103
-0.474854	78.2669
-0.474609	96.4904
-0.474365	55.1618
-0.474121	127.489
-0.473877	76.5911
-0.473633	110.559
-0.473389	98.3613
-0.473145	81.8403
-0.4729	73.7775
-0.472656	162.062
-0.472412	39.1001
-0.472168	24.6816
-0.471924	49.764
-0.47168	104.541
-0.471436	108.286
-0.471191	101.535
-0.470947	20.8161
-0.470703	167.299
-0.470459	98.2314
-0.470215	99.5489
-0.469971	18.0899
-0.469727	48.738
-0.469482	100.05
-0.469238	72.445
-0.468994	12.1984
-0.46875	64.1647
-0.468506	97.6611
-0.468262	71.6028
-0.468018	34.4192
-0.467773	13.6667
-0.467529	21.8109
-0.467285	37.0145
-0.467041	28.9416
-0.466797	38.322
-0.466553	66.5819
-0.466309	52.5486
-0.466064	8.07855
-0.46582	69.4372
-0.465576	215.445
-0.465332	24.289
-0.465088	127.04
-0.464844	87.2979
-0.4646	14.1851
-0.464355	133.937
-0.464111	62.0972
-0.463867	118.672
-0.463623	50.2814
-0.463379	87.8125
-0.463135	105.955
-0.462891	23.5496
-0.462646	137.042
-0.462402	59.7811
-0.462158	17.926
-0.461914	88.4699
-0.46167	49.5455
-0.461426	75.5249
-0.461182	104.871
-0.460938	202.424
-0.460693	103.997
-0.460449	57.1109
-0.460205	83.0507
-0.459961	111.582
-0.459717	20.1207
-0.459473	152.225
-0.459229	51.8576
-0.458984	140.627
-0.45874	22.7647
-0.458496	61.9042
-0.458252	97.4875
-0.458008	114.012
-0.457764	183.783
-0.45752	44.0191
-0.457275	93.5713
-0.457031	101.859
-0.456787	120.761
-0.456543	62.9015
-0.456299	92.1747
-0.456055	44.8004
-0.455811	21.2767
-0.455566	98.2043
-0.455322	87.3346
-0.455078	37.1349
-0.454834	24.1265
-0.45459	110.84
-0.454346	5.97807
-0.454102	9.6984
-0.453857	158.764
-0.453613	65.822
-0.453369	96.3943
-0.453125	179.588
-0.452881	25.581
-0.452637	63.2324
-0.452393	74.7354
-0.452148	80.2048
-0.451904	104.887
-0.45166	83.2971
-0.451416	152.884
-0.451172	104.093
-0.450928	72.4619
-0.450684	175.653
-0.450439	91.2016
-0.450195	104.703
-0.449951	78.1214
-0.449707	44.1219
-0.449463	41.9308
-0.449219	64.8267
-0.448975	112.494
-0.44873	64.2537
-0.448486	137.571
-0.448242	113.348
-0.447998	12.3843
-0.447754	114.668
-0.44751	18.422
-0.447266	67.5276
-0.447021	45.0088
-0.446777	105.259
-0.446533	30.096
-0.446289	154.535
-0.446045	18.9556
-0.445801	9.3827
-0.445557	67.8977
-0.445312	77.4437
-0.445068	90.8283
-0.444824	32.347
-0.44458	27.3512
-0.444336	92.8981
-0.444092	171.378
-0.443848	42.0197
-0.443604	118.498
-0.443359	37.6207
-0.443115	62.8886
-0.442871	45.9383
-0.442627	138.062
-0.442383	113.968
-0.442139	15.2152
-0.441895	182.508
-0.44165	91.7428
-0.441406	111.161
-0.441162	12.228
-0.440918	65.1087
-0.440674	107.508
-0.44043	45.3452
-0.440186	81.5126
-0.439941	13.9037
-0.439697	71.6266
-0.439453	56.9437
-0.439209	58.9773
-0.438965	21.7822
-0.438721	107.128
-0.438477	89.7394
-0.438232	78.5674
-0.437988	107.474
-0.437744	60.5006
-0.4375	105.944
-0.437256	166.275
-0.437012	74.6161
-0.436768	127.866
-0.436523	105.884
-0.436279	34.5854
-0.436035	75.2738
-0.435791	92.5204
-0.435547	12.6723
-0.435303	122.655
-0.435059	121.876
-0.434814	142.561
-0.43457	39.3484
-0.434326	27.23
-0.434082	92.6376
-0.433838	3.6119
-0.433594	60.5151
-0.43335	164.28
-0.433105	171.383
-0.432861	43.7591
-0.432617	37.4211
-0.432373	32.9764
-0.432129	77.1435
-0.431885	152.519
-0.431641	179.216
-0.431396	48.2112
-0.431152	100.778
-0.430908	137.187
-0.430664	110.663
-0.43042	20.1743
-0.430176	111.786
-0.429932	64.4198
-0.429688	45.265
-0.429443	95.2135
-0.429199	87.3288
-0.428955	82.6166
-0.428711	36.7613
-0.428467	98.1168
-0.428223	63.4218
-0.427979	95.7331
-0.427734	50.2247
-0.42749	34.9864
-0.427246	42.7333
-0.427002	53.9618
-0.426758	115.136
-0.426514	75.261
-0.42627	161.967
-0.426025	81.719
-0.425781	75.4577
-0.425537	71.2272
-0.425293	103.768
-0.425049	22.3511
-0.424805	106.463
-0.424561	24.7604
-0.424316	69.0025
-0.424072	169.717
-0.423828	81.9149
-0.423584	42.665
-0.42334	37.2123
-0.423096	83.0877
-0.422852	107.687
-0.422607	113.681
-0.422363	89.3329
-0.422119	46.8817
-0.421875	43.5852
-0.421631	122.45
-0.421387	17.0176
-0.421143	32.7348
-0.420898	75.412
-0.420654	71.9466
-0.42041	2.73204
-0.420166	71.7202
-0.419922	45.4751
-0.419678	72.4603
-0.419434	64.6786
-0.419189	75.6274
-0.418945	133.656
-0.418701	119.068
-0.418457	19.9703
-0.418213	76.4028
-0.417969	149.26
-0.417725	49.6038
-0.41748	81.7863
-0.417236	56.6878
-0.416992	118.05
-0.416748	102.968
-0.416504	41.3277
-0.41626	68.7561
-0.416016	68.2366
-0.415771	89.5231
-0.415527	63.5035
-0.415283	144.702
-0.415039	47.4262
-0.414795	154.445
-0.414551	28.5055
-0.414307	131.714
-0.414062	60.6937
-0.413818	112.653
-0.413574	58.6617
-0.41333	132.469
-0.413086	47.8024
-0.412842	122.379
-0.412598	43.9964
-0.412354	56.8749
-0.412109	29.5092
-0.411865	31.8064
-0.411621	81.1405
-0.411377	176.877
-0.411133	64.1799
-0.410889	70.3917
-0.410645	35.7983
-0.4104	104.592
-0.410156	46.036
-0.409912	71.8567
-0.409668	61.3985
-0.409424	87.6998
-0.40918	71.1427
-0.408936	109.239
-0.408691	61.3808
-0.408447	83.8813
-0.408203	71.6039
-0.407959	79.3629
-0.407715	167.052
-0.407471	69.286
-0.407227	5.95111
-0.406982	47.9277
-0.406738	16.7185
-0.406494	43.4996
-0.40625	123.36
-0.406006	101.528
-0.405762	101.863
-0.405518	68.814
-0.405273	158.574
-0.405029	44.1677
-0.404785	148.486
-0.404541	113.541
-0.404297	66.7808
-0.404053	26.6647
-0.403809	52.7485
-0.403564	61.6217
-0.40332	100.865
-0.403076	57.6626
-0.402832	74.4843
-0.402588	54.6893
-0.402344	66.2789
-0.4021	99.8385
-0.401855	56.3635
-0.401611	72.2163
-0.401367	111.279
-0.401123	37.2896
-0.400879	59.7626
-0.400635	79.5028
-0.400391	58.9755
-0.400146	43.7103
-0.399902	103.402
-0.399658	65.9112
-0.399414	43.9538
-0.39917	188.565
-0.398926	107.073
-0.398682	107.691
-0.398438	95.5934
-0.398193	50.9983
-0.397949	102.641
-0.397705	136.15
-0.397461	157.07
-0.397217	65.7765
-0.396973	54.9594
-0.396729	135.218
-0.396484	43.4307
-0.39624	106.984
-0.395996	36.3293
-0.395752	141.94
-0.395508	68.1573
-0.395264	24.3379
-0.39502	30.0855
-0.394775	18.6623
-0.394531	53.0479
-0.394287	72.7623
-0.394043	88.8917
-0.393799	105.347
-0.393555	67.1271
-0.393311	83.4571
-0.393066	90.1613
-0.392822	27.0244
-0.392578	83.3641
-0.392334	59.5254
-0.39209	35.363
-0.391846	117.065
-0.391602	112.94
-0.391357	36.5883
-0.391113	166.097
-0.390869	105.367
-0.390625	63.1066
-0.390381	97.8698
-0.390137	91.0102
-0.389893	162.82
-0.389648	39.4698
-0.389404	92.5962
-0.38916	72.3336
-0.388916	83.9909
-0.388672	67.2093
-0.388428	70.8489
-0.388184	151.563
-0.387939	41.2466
-0.387695	95.0137
-0.387451	70.6021
-0.387207	60.1792
-0.386963	85.5783
-0.386719	24.2271
-0.386475	178.113
-0.38623	87.7217
-0.385986	126.232
-0.385742	76.2394
-0.385498	14.8036
-0.385254	66.597
-0.38501	27.8745
-0.384766	135.093
-0.384521	25.6357
-0.384277	68.7283
-0.384033	57.8246
-0.383789	76.8277
-0.383545	91.5164
-0.383301	110.604
-0.383057	82.3988
-0.382812	51.2919
-0.382568	104.008
-0.382324	130.581
-0.38208	39.285
-0.381836	93.4979
-0.381592	137.742
-0.381348	162.162
-0.381104	80.8056
-0.380859	164.217
-0.380615	45.099
-0.380371	98.2469
-0.380127	80.8462
-0.379883	28.3113
-0.379639	169.635
-0.379395	104.896
-0.37915	107.898
-0.378906	33.0526
-0.378662	61.7806
-0.378418	112.907
-0.378174	115.002
-0.37793	92.291
-0.377686	62.894
-0.377441	150.072
-0.377197	54.3197
-0.376953	39.2868
-0.376709	32.4022
-0.376465	179.143
-0.376221	37.2437
-0.375977	63.7418
-0.375732	49.0947
-0.375488	153.494
-0.375244	103.21
-0.375	71.1567
-0.374756	62.8769
-0.374512	100.273
-0.374268	56.3555
-0.374023	109.922
-0.373779	160.946
-0.373535	60.703
-0.373291	62.8884
-0.373047	93.494
-0.372803	101.351
-0.372559	72.7901
-0.372314	47.2512
-0.37207	110.627
-0.371826	25.9942
-0.371582	166.093
-0.371338	135.327
-0.371094	124.835
-0.37085	104.26
-0.370605	116.709
-0.370361	87.1779
-0.370117	53.5326
-0.369873	89.5154
-0.369629	64.2187
-0.369385	47.7117
-0.369141	60.3437
-0.368896	99.3419
-0.368652	5.54689
-0.368408	46.5455
-0.368164	31.2584
-0.36792	55.4677
-0.367676	14.7724
-0.367432	45.0165
-0.367188	70.3871
-0.366943	43.2605
-0.366699	65.8004
-0.366455	133.184
-0.366211	104.931
-0.365967	71.2462
-0.365723	21.3057
-0.365479	73.0755
-0.365234	128.27
-0.36499	66.2847
-0.364746	34.7855
-0.364502	128.289
-0.364258	76.2943
-0.364014	60.2421
-0.36377	72.8242
-0.363525	117.618
-0.363281	66.8737
-0.363037	117.703
-0.362793	117.401
-0.362549	19.3907
-0.362305	17.2888
-0.362061	74.7929
-0.361816	130.985
-0.361572	12.7298
-0.361328	77.6486
-0.361084	69.9416
-0.36084	98.2011
-0.360596	23.6246
-0.360352	51.8653
-0.360107	105.642
-0.359863	152.123
-0.359619	69.3926
-0.359375	67.778
-0.359131	73.4276
-0.358887	25.9659
-0.358643	40.9432
-0.358398	15.14
-0.358154	62.0844
-0.35791	108.78
-0.357666	39.972
-0.357422	30.0956
-0.357178	54.7927
-0.356934	36.7966
-0.356689	77.8852
-0.356445	89.3236
-0.356201	28.6989
-0.355957	19.3329
-0.355713	44.5256
-0.355469	80.439
-0.355225	131.801
-0.35498	36.8816
-0.354736	87.4931
-0.354492	74.81
-0.354248	25.615
-0.354004	79.5487
-0.35376	63.246
-0.353516	116.173
-0.353271	68.8984
-0.353027	139.46
-0.352783	41.7659
-0.352539	116.16
-0.352295	42.2528
-0.352051	94.9164
-0.351807	194.548
-0.351562	143.608
-0.351318	23.3273
-0.351074	37.4613
-0.35083	82.5614
-0.350586	73.7426
-0.350342	88.7601
-0.350098	3.8184
-0.349854	92.5161
-0.349609	204.588
-0.349365	95.6404
-0.349121	79.9939
-0.348877	104.271
-0.348633	71.1111
-0.348389	113.661
-0.348145	30.3236
-0.3479	92.9076
-0.347656	90.7099
-0.347412	96.2731
-0.347168	93.3239
-0.346924	21.1722
-0.34668	66.8476
-0.346436	62.934
-0.346191	126.847
-0.345947	63.9834
-0.345703	38.1532
-0.345459	74.9903
-0.345215	150.843
-0.344971	12.5635
-0.344727	125.853
-0.344482	46.3831
-0.344238	108.642
-0.343994	49.8938
-0.34375	24.2533
-0.343506	82.1313
-0.343262	155.951
-0.343018	173.554
-0.342773	89.3063
-0.342529	14.1431
-0.342285	21.8314
-0.342041	52.6305
-0.341797	92.2692
-0.341553	92.9499
-0.341309	32.557
-0.341064	64.7325
-0.34082	58.8126
-0.340576	107.218
-0.340332	93.6767
-0.340088	54.8022
-0.339844	10.0602
-0.3396	63.4058
-0.339355	74.2037
-0.339111	66.5577
-0.338867	61.8879
-0.338623	67.5135
-0.338379	144.714
-0.338135	176.873
-0.337891	77.6257
-0.337646	120.764
-0.337402	85.0998
-0.337158	33.0864
-0.336914	55.3347
-0.33667	100.117
-0.336426	108.638
-0.336182	6.96703
-0.335938	33.0898
-0.335693	97.0965
-0.335449	22.8831
-0.335205	91.9053
-0.334961	99.4421
-0.334717	53.1203
-0.334473	102.208
-0.334229	70.0524
-0.333984	97.3303
-0.33374	86.266
-0.333496	87.0254
-0.333252	48.3513
-0.333008	77.3656
-0.332764	117.338
-0.33252	22.9526
-0.332275	23.4257
-0.332031	140.418
-0.331787	177.65
-0.331543	18.1327
-0.331299	81.3947
-0.331055	83.1683
-0.330811	21.704
-0.330566	100.668
-0.330322	46.1847
-0.330078	41.7685
-0.329834	32.8096
-0.32959	83.5576
-0.329346	53.2697
-0.329102	27.2939
-0.328857	36.8281
-0.328613	117.446
-0.328369	108.651
-0.328125	53.3857
-0.327881	69.7586
-0.327637	80.503
-0.327393	95.8034
-0.327148	73.0682
-0.326904	89.604
-0.32666	114.608
-0.326416	58.5604
-0.326172	64.4926
-0.325928	80.5135
-0.325684	65.6821
-0.325439	78.4249
-0.325195	78.172
-0.324951	104.205
-0.324707	12.7919
-0.324463	103.569
-0.324219	43.2635
-0.323975	93.2511
-0.32373	105.932
-0.323486	41.3723
-0.323242	158.342
-0.322998	19.6613
-0.322754	67.7673
-0.32251	122.736
-0.322266	143.346
-0.322021	41.6971
-0.321777	145.366
-0.321533	85.1476
-0.321289	57.8498
-0.321045	80.0743
-0.320801	40.9351
-0.320557	77.852
-0.320312	66.1516
-0.320068	63.2117
-0.319824	70.8941
-0.31958	62.959
-0.319336	54.6102
-0.319092	19.8698
-0.318848	88.1848
-0.318604	65.5268
-0.318359	168.948
-0.318115	63.1198
-0.317871	46.1746
-0.317627	84.0274
-0.317383	16.3801
-0.317139	120.85
-0.316895	102.817
-0.31665	61.4829
-0.316406	178.167
-0.316162	89.183
-0.315918	32.1076
-0.315674	126.141
-0.31543	59.29
-0.315186	60.4896
-0.314941	83.9007
-0.314697	64.8208
-0.314453	201.482
-0.314209	40.5623
-0.313965	123.612
-0.313721	126.688
-0.313477	89.3319
-0.313232	27.698
-0.312988	40.0231
-0.312744	66.7147
-0.3125	152.752
-0.312256	27.8142
-0.312012	48.8017
-0.311768	38.6426
-0.311523	129.929
-0.311279	34.1188
-0.311035	62.2344
-0.310791	153.242
-0.310547	74.9546
-0.310303	19.4331
-0.310059	46.2721
-0.309814	68.2468
-0.30957	54.7217
-0.309326	51.5297
-0.309082	86.2681
-0.308838	105.712
-0.308594	38.6731
-0.30835	134.018
-0.308105	109.085
-0.307861	59.6397
-0.307617	126.542
-0.307373	65.997
-0.307129	103.31
-0.306885	48.0098
-0.306641	71.8909
-0.306396	97.3303
-0.306152	121.514
-0.305908	107.578
-0.305664	74.9305
-0.30542	101.449
-0.305176	169.503
-0.304932	36.9424
-0.304688	50.7027
-0.304443	85.6794
-0.304199	28.316
-0.303955	78.9884
-0.303711	83.1894
-0.303467	34.5658
-0.303223	66.9032
-0.302979	17.3989
-0.302734	32.892
-0.30249	108.35
-0.302246	93.3776
-0.302002	113.718
-0.301758	76.1289
-0.301514	134.89
-0.30127	8.76657
-0.301025	149.461
-0.300781	75.8756
-0.300537	88.0514
-0.300293	178.712
-0.300049	71.394
-0.299805	173.211
-0.299561	24.7084
-0.299316	79.7974
-0.299072	184.52
-0.298828	114.643
-0.298584	156.045
-0.29834	136.149
-0.298096	134.6
-0.297852	46.2053
-0.297607	77.6274
-0.297363	26.7
-0.297119	96.4805
-0.296875	156.736
-0.296631	29.8373
-0.296387	88.1044
-0.296143	134.764
-0.295898	47.721
-0.295654	151.307
-0.29541	135.793
-0.295166	91.7553
-0.294922	79.1775
-0.294678	27.5884
-0.294434	60.1626
-0.294189	82.7926
-0.293945	144.272
-0.293701	55.6498
-0.293457	6.7346
-0.293213	57.7799
-0.292969	57.2269
-0.292725	28.4576
-0.29248	87.2601
-0.292236	54.36
-0.291992	88.2712
-0.291748	104.989
-0.291504	153.401
-0.29126	115.222
-0.291016	127.088
-0.290771	48.8268
-0.290527	108.704
-0.290283	130.11
-0.290039	65.6911
-0.289795	17.6784
-0.289551	86.8231
-0.289307	21.1158
-0.289062	31.9529
-0.288818	69.9532
-0.288574	81.2078
-0.28833	26.1604
-0.288086	97.9929
-0.287842	125.136
-0.287598	112.952
-0.287354	118.453
-0.287109	66.8184
-0.286865	70.3816
-0.286621	4.97018
-0.286377	145.737
-0.286133	79.4589
-0.285889	83.531
-0.285645	22.7887
-0.2854	41.9981
-0.285156	34.1983
-0.284912	84.5029
-0.284668	180.022
-0.284424	61.046
-0.28418	77.8338
-0.283936	73.6694
-0.283691	52.1582
-0.283447	43.5792
-0.283203	178.632
-0.282959	48.1741
-0.282715	81.8838
-0.282471	41.3269
-0.282227	110.457
-0.281982	36.9657
-0.281738	33.8506
-0.281494	23.4001
-0.28125	159.058
-0.281006	118.9
-0.280762	96.6112
-0.280518	86.5481
-0.280273	161.796
-0.280029	170.2
-0.279785	82.5162
-0.279541	40.7188
-0.279297	80.1838
-0.279053	17.3507
-0.278809	97.241
-0.278564	85.0737
-0.27832	152.2
-0.278076	30.7057
-0.277832	74.2621
-0.277588	79.0936
-0.277344	118.689
-0.2771	62.5724
-0.276855	127.214
-0.276611	122.736
-0.276367	46.5051
-0.276123	84.9252
-0.275879	116.424
-0.275635	153.511
-0.275391	68.2978
-0.275146	75.3881
-0.274902	109.011
-0.274658	14.9295
-0.274414	86.6636
-0.27417	91.2216
-0.273926	119.365
-0.273682	15.7949
-0.273438	73.4197
-0.273193	37.0874
-0.272949	45.4793
-0.272705	65.6488
-0.272461	9.27046
-0.272217	89.2809
-0.271973	90.4881
-0.271729	70.6412
-0.271484	33.9609
-0.27124	88.7088
-0.270996	75.9774
-0.270752	135.546
-0.270508	156.907
-0.270264	63.3165
-0.27002	96.0473
-0.269775	76.1491
-0.269531	126.371
-0.269287	191.333
-0.269043	45.4934
-0.268799	30.8213
-0.268555	77.2592
-0.268311	117.538
-0.268066	155.967
-0.267822	101.739
-0.267578	28.2965
-0.267334	177.216
-0.26709	43.5567
-0.266846	48.9028
-0.266602	30.4063
-0.266357	113.095
-0.266113	44.7696
-0.265869	100.078
-0.265625	41.1485
-0.265381	59.2068
-0.265137	79.69
-0.264893	84.2864
-0.264648	29.4723
-0.264404	33.0492
-0.26416	111.595
-0.263916	97.176
-0.263672	35.0494
-0.263428	55.1677
-0.263184	79.2901
-0.262939	87.4891
-0.262695	143.162
-0.262451	130.258
-0.262207	28.0409
-0.261963	74.9192
-0.261719	88.9017
-0.261475	44.9785
-0.26123	98.1855
-0.260986	22.6971
-0.260742	71.3998
-0.260498	39.9925
-0.260254	94.5462
-0.26001	36.531
-0.259766	63.0253
-0.259521	76.2454
-0.259277	133.649
-0.259033	85.4996
-0.258789	76.5097
-0.258545	124.635
-0.258301	80.1901
-0.258057	38.9035
-0.257812	39.1129
-0.257568	196.032
-0.257324	70.8006
-0.25708	94.8715
-0.256836	35.7278
-0.256592	150.563
-0.256348	89.5327
-0.256104	77.6422
-0.255859	45.5043
-0.255615	89.6987
-0.255371	106.721
-0.255127	115.039
-0.254883	11.6311
-0.254639	28.0028
-0.254395	83.6082
-0.25415	49.4518
-0.253906	141.109
-0.253662	31.9475
-0.253418	35.3339
-0.253174	41.4215
-0.25293	132.518
-0.252686	25.5514
-0.252441	53.3035
-0.252197	20.9222
-0.251953	22.9166
-0.251709	29.8618
-0.251465	27.2608
-0.251221	95.643
-0.250977	89.445
-0.250732	32.1133
-0.250488	164.775
-0.250244	58.6532
-0.25	97.427
-0.249756	123.702
-0.249512	99.5773
-0.249268	47.8442
-0.249023	51.2035
-0.248779	152.655
-0.248535	64.9105
-0.248291	110.073
-0.248047	128.476
-0.247803	98.1871
-0.247559	27.8132
-0.247314	93.8016
-0.24707	66.5063
-0.246826	58.5782
-0.246582	114.865
-0.246338	44.4318
-0.246094	61.9564
-0.24585	50.7467
-0.245605	28.7889
-0.245361	6.71445
-0.245117	73.1897
-0.244873	65.3353
-0.244629	95.4426
-0.244385	36.1725
-0.244141	64.2394
-0.243896	152.348
-0.243652	26.5126
-0.243408	115.601
-0.243164	140.788
-0.24292	80.4389
-0.242676	135.254
-0.242432	107.026
-0.242188	61.6449
-0.241943	27.676
-0.241699	26.0316
-0.241455	66.1612
-0.241211	75.1736
-0.240967	76.2967
-0.240723	102.445
-0.240479	41.2731
-0.240234	111.19
-0.23999	86.6417
-0.239746	34.4131
-0.239502	24.6502
-0.239258	19.1945
-0.239014	68.2889
-0.23877	136.815
-0.238525	94.2197
-0.238281	97.9359
-0.238037	51.1295
-0.237793	144.542
-0.237549	114.662
-0.237305	156.525
-0.237061	97.3009
-0.236816	68.0716
-0.236572	12.2494
-0.236328	56.3724
-0.236084	75.8015
-0.23584	45.743
-0.235596	61.4324
-0.235352	15.4486
-0.235107	116.274
-0.234863	141.269
-0.234619	128.192
-0.234375	43.1861
-0.234131	73.6331
-0.233887	27.5823
-0.233643	34.4336
-0.233398	144.503
-0.233154	21.6364
-0.23291	192.05
-0.232666	70.647
-0.232422	45.6783
-0.232178	61.014
-0.231934	22.0416
-0.231689	120.374
-0.231445	39.6366
-0.231201	53.2767
-0.230957	127.595
-0.230713	169.546
-0.230469	18.6539
-0.230225	159.348
-0.22998	20.3809
-0.229736	20.9423
-0.229492	56.5458
-0.229248	169.353
-0.229004	51.8317
-0.22876	59.1553
-0.228516	124.615
-0.228271	35.7322
-0.228027	33.5987
-0.227783	70.3729
-0.227539	67.7419
-0.227295	85.847
-0.227051	131.237
-0.226807	41.9615
-0.226562	91.7787
-0.226318	30.8487
-0.226074	50.1189
-0.22583	17.32
-0.225586	19.215
-0.225342	140.258
-0.225098	40.7714
-0.224854	153.481
-0.224609	173.012
-0.224365	43.13
-0.224121	35.6463
-0.223877	22.1056
-0.223633	55.985
-0.223389	81.626
-0.223145	150.723
-0.2229	55.9037
-0.222656	58.8971
-0.222412	145.593
-0.222168	18.8427
-0.221924	84.47
-0.22168	120.643
-0.221436	40.5977
-0.221191	167.642
-0.220947	98.1495
-0.220703	31.4457
-0.220459	70.6238
-0.220215	62.7956
-0.219971	80.5257
-0.219727	50.8551
-0.219482	45.9261
-0.219238	124.455
-0.218994	51.5376
-0.21875	106.715
-0.218506	95.1213
-0.218262	43.4476
-0.218018	83.847
-0.217773	196.192
-0.217529	136.373
-0.217285	103.632
-0.217041	148.606
-0.216797	133.91
-0.216553	76.4077
-0.216309	131.351
-0.216064	90.0549
-0.21582	21.1646
-0.215576	120.211
-0.215332	54.3806
-0.215088	132.2
-0.214844	66.8268
-0.2146	101.73
-0.214355	114.297
-0.214111	65.9479
-0.213867	74.681
-0.213623	33.7649
-0.213379	41.0946
-0.213135	95.8521
-0.212891	88.6373
-0.212646	132.754
-0.212402	16.8172
-0.212158	129.037
-0.211914	52.5091
-0.21167	89.026
-0.211426	75.8786
-0.211182	136.426
-0.210938	66.7863
-0.210693	116.899
-0.210449	92.2844
-0.210205	38.0264
-0.209961	36.9673
-0.209717	181.679
-0.209473	151.269
-0.209229	63.1858
-0.208984	50.5102
-0.20874	59.2662
-0.208496	49.4793
-0.208252	168.247
-0.208008	108.524
-0.207764	88.4923
-0.20752	114.773
-0.207275	87.6286
-0.207031	103.352
-0.206787	117.374
-0.206543	131.371
-0.206299	128.992
-0.206055	104.621
-0.205811	56.344
-0.205566	97.8125
-0.205322	66.4172
-0.205078	81.8986
-0.204834	40.6296
-0.20459	17.5593
-0.204346	94.5934
-0.204102	93.445
-0.203857	167.564
-0.203613	67.2065
-0.203369	127.681
-0.203125	89.1942
-0.202881	61.536
-0.202637	51.7213
-0.202393	154.859
-0.202148	61.0516
-0.201904	71.2352
-0.20166	114.794
-0.201416	67.16
-0.201172	52.1351
-0.200928	108.398
-0.200684	52.5298
-0.200439	80.1907
-0.200195	59.9689
-0.199951	147.278
-0.199707	78.6991
-0.199463	86.5352
-0.199219	33.5796
-0.198975	69.7196
-0.19873	82.3073
-0.198486	78.5649
-0.198242	16.2078
-0.197998	68.0985
-0.197754	72.9984
-0.19751	74.802
-0.197266	104.95
-0.197021	66.0532
-0.196777	32.4137
-0.196533	18.8099
-0.196289	51.4043
-0.196045	58.1777
-0.195801	32.0884
-0.195557	46.2079
-0.195312	62.7779
-0.195068	121.56
-0.194824	83.9474
-0.19458	83.7713
-0.194336	47.2689
-0.194092	105.008
-0.193848	68.614
-0.193604	89.9439
-0.193359	19.707
-0.193115	66.566
-0.192871	94.0235
-0.192627	77.5566
-0.192383	166.335
-0.192139	41.3862
-0.191895	115.932
-0.19165	184.402
-0.191406	131.421
-0.191162	41.7154
-0.190918	57.4542
-0.190674	152.054
-0.19043	123.255
-0.190186	100.229
-0.189941	60.4521
-0.189697	134.226
-0.189453	86.9707
-0.189209	111.967
-0.188965	56.7674
-0.188721	108.243
-0.188477	121.794
-0.188232	52.3478
-0.187988	13.622
-0.187744	82.2604
-0.1875	149.203
-0.187256	49.6896
-0.187012	52.8583
-0.186768	96.8003
-0.186523	69.7886
-0.186279	176.61
-0.186035	52.4588
-0.185791	84.5943
-0.185547	119.552
-0.185303	111.804
-0.185059	29.1084
-0.184814	115.03
-0.18457	47.8464
-0.184326	54.6488
-0.184082	83.0646
-0.183838	91.5784
-0.183594	89.4744
-0.18335	112.951
-0.183105	141.091
-0.182861	37.7827
-0.182617	71.1787
-0.182373	148.429
-0.182129	18.1927
-0.181885	64.7209
-0.181641	80.3627
-0.181396	24.4575
-0.181152	114.796
-0.180908	118.352
-0.180664	44.9082
-0.18042	58.1494
-0.180176	152.417
-0.179932	89.2011
-0.179688	86.9506
-0.179443	63.1022
-0.179199	83.4545
-0.178955	135.034
-0.178711	93.0291
-0.178467	89.8756
-0.178223	68.6047
-0.177979	167.272
-0.177734	78.128
-0.17749	156.789
-0.177246	58.1822
-0.177002	73.2636
-0.176758	148.493
-0.176514	79.3069
-0.17627	31.2846
-0.176025	148.468
-0.175781	104.381
-0.175537	178.95
-0.175293	74.1756
-0.175049	70.7145
-0.174805	88.2855
-0.174561	37.3466
-0.174316	115.34
-0.174072	97.2111
-0.173828	129.849
-0.173584	83.9092
-0.17334	82.2982
-0.173096	64.1239
-0.172852	70.1108
-0.172607	63.7502
-0.172363	115.523
-0.172119	105.465
-0.171875	54.6655
-0.171631	118.463
-0.171387	17.9901
-0.171143	106.336
-0.170898	145.118
-0.170654	74.8049
-0.17041	157.36
-0.170166	18.0511
-0.169922	82.2178
-0.169678	67.4516
-0.169434	39.0972
-0.169189	45.7262
-0.168945	57.4856
-0.168701	86.538
-0.168457	151.724
-0.168213	81.1735
-0.167969	23.8502
-0.167725	114.856
-0.16748	55.9157
-0.167236	136.123
-0.166992	45.1283
-0.166748	158.678
-0.166504	124.641
-0.16626	51.8141
-0.166016	162.764
-0.165771	103.034
-0.165527	73.0304
-0.165283	18.5913
-0.165039	128.476
-0.164795	107.201
-0.164551	45.2938
-0.164307	61.7601
-0.164062	25.5646
-0.163818	49.8404
-0.163574	58.5938
-0.16333	121.991
-0.163086	62.9874
-0.162842	125.746
-0.162598	58.1354
-0.162354	119.86
-0.162109	53.3315
-0.161865	163.842
-0.161621	84.929
-0.161377	117.027
-0.161133	121.815
-0.160889	9.41977
-0.160645	104.467
-0.1604	91.6679
-0.160156	81.6186
-0.159912	128.264
-0.159668	71.4482
-0.159424	81.1308
-0.15918	100.345
-0.158936	87.2943
-0.158691	25.4011
-0.158447	27.6792
-0.158203	90.9858
-0.157959	85.429
-0.157715	120.002
-0.157471	46.98
-0.157227	54.5659
-0.156982	41.0902
-0.156738	193.317
-0.156494	192.071
-0.15625	69.244
-0.156006	124.077
-0.155762	92.2015
-0.155518	106.602
-0.155273	83.5626
-0.155029	109.013
-0.154785	41.611
-0.154541	136.306
-0.154297	38.6275
-0.154053	155.147
-0.153809	67.8312
-0.153564	122.277
-0.15332	58.2386
-0.153076	107.606
-0.152832	54.1905
-0.152588	47.8538
-0.152344	65.7638
-0.1521	73.7133
-0.151855	99.7567
-0.151611	63.2502
-0.151367	118.795
-0.151123	34.2715
-0.150879	83.7458
-0.150635	31.3699
-0.150391	7.23142
-0.150146	133.722
-0.149902	12.6747
-0.149658	69.666
-0.149414	191.313
-0.14917	48.0848
-0.148926	75.2119
-0.148682	9.28038
-0.148438	120.935
-0.148193	69.0167
-0.147949	45.3029
-0.147705	101.528
-0.147461	102.18
-0.147217	78.6418
-0.146973	100.852
-0.146729	109.873
-0.146484	59.0574
-0.14624	73.1077
-0.145996	126.87
-0.145752	81.3745
-0.145508	102.721
-0.145264	5.81831
-0.14502	98.538
-0.144775	85.8494
-0.144531	131.706
-0.144287	93.1752
-0.144043	107.864
-0.143799	76.3738
-0.143555	125.505
-0.143311	100.547
-0.143066	75.4221
-0.142822	106.711
-0.142578	46.9855
-0.142334	132.443
-0.14209	40.1108
-0.141846	140.698
-0.141602	82.2099
-0.141357	12.1642
-0.141113	76.2516
-0.140869	77.5017
-0.140625	17.3093
-0.140381	62.533
-0.140137	53.2559
-0.139893	75.6036
-0.139648	87.0265
-0.139404	162.86
-0.13916	95.9725
-0.138916	103.322
-0.138672	38.6382
-0.138428	175.305
-0.138184	137.865
-0.137939	58.7472
-0.137695	135.909
-0.137451	133.686
-0.137207	87.3929
-0.136963	105.381
-0.136719	100.989
-0.136475	47.2091
-0.13623	53.4884
-0.135986	122.441
-0.135742	83.8972
-0.135498	57.4319
-0.135254	20.9468
-0.13501	73.21
-0.134766	54.2166
-0.134521	117.494
-0.134277	126.943
-0.134033	174.68
-0.133789	53.8476
-0.133545	50.0283
-0.133301	71.1164
-0.133057	124.6
-0.132812	43.0416
-0.132568	127.85
-0.132324	75.8969
-0.13208	160.698
-0.131836	129.671
-0.131592	50.0868
-0.131348	82.5276
-0.131104	30.0516
-0.130859	69.0165
-0.130615	59.7718
-0.130371	65.3668
-0.130127	72.1705
-0.129883	90.0961
-0.129639	122.489
-0.129395	72.7584
-0.12915	141.498
-0.128906	51.6342
-0.128662	181.281
-0.128418	115.258
-0.128174	70.8701
-0.12793	79.8904
-0.127686	42.0766
-0.127441	93.025
-0.127197	107.717
-0.126953	79.2409
-0.126709	63.9398
-0.126465	115.77
-0.126221	90.1133
-0.125977	32.0288
-0.125732	22.9086
-0.125488	110.831
-0.125244	96.1876
-0.125	120.029
-0.124756	93.3673
-0.124512	46.9089
-0.124268	23.6718
-0.124023	61.7358
-0.123779	12.6128
-0.123535	47.7483
-0.123291	47.2142
-0.123047	87.4026
-0.122803	36.7943
-0.122559	55.9197
-0.122314	93.714
-0.12207	90.9643
-0.121826	107.611
-0.121582	93.5831
-0.121338	76.0686
-0.121094	44.347
-0.12085	27.7034
-0.120605	63.5895
-0.120361	88.3847
-0.120117	155.528
-0.119873	50.0916
-0.119629	11.3754
-0.119385	231.404
-0.119141	111.949
-0.118896	2.84295
-0.118652	62.9273
-0.118408	107.243
-0.118164	115.581
-0.11792	119.382
-0.117676	21.646
-0.117432	34.8723
-0.117188	82.2141
-0.116943	115.425
-0.116699	161.805
-0.116455	64.3847
-0.116211	35.4602
-0.115967	98.9466
-0.115723	82.8766
-0.115479	42.7766
-0.115234	101.751
-0.11499	41.0345
-0.114746	63.5819
-0.114502	46.4716
-0.114258	26.729
-0.114014	70.7899
-0.11377	86.309
-0.113525	69.2112
-0.113281	86.1284
-0.113037	90.6857
-0.112793	57.2904
-0.112549	77.9556
-0.112305	93.8586
-0.112061	133.875
-0.111816	114.164
-0.111572	78.1556
-0.111328	144.527
-0.111084	60.0596
-0.11084	77.7807
-0.110596	63.5013
-0.110352	113.504
-0.110107	98.6678
-0.109863	22.1856
-0.109619	78.3849
-0.109375	77.2839
-0.109131	22.9675
-0.108887	142.579
-0.108643	29.7476
-0.108398	122.56
-0.108154	82.535
-0.10791	104.809
-0.107666	52.8646
-0.107422	52.4877
-0.107178	102.401
-0.106934	96.189
-0.106689	124.411
-0.106445	82.3521
-0.106201	47.1017
-0.105957	71.8853
-0.105713	55.7915
-0.105469	59.5729
-0.105225	68.8319
-0.10498	55.3802
-0.104736	61.8588
-0.104492	25.604
-0.104248	99.8975
-0.104004	58.2156
-0.10376	77.1794
-0.103516	90.9862
-0.103271	75.3507
-0.103027	102.538
-0.102783	157.613
-0.102539	127.611
-0.102295	198.977
-0.102051	59.6634
-0.101807	127.122
-0.101562	49.6008
-0.101318	55.0105
-0.101074	68.6358
-0.10083	75.1589
-0.100586	51.354
-0.100342	125.162
-0.100098	19.184
-0.0998535	92.7755
-0.0996094	157.931
-0.0993652	29.8498
-0.0991211	59.2535
-0.098877	68.711
-0.0986328	130.615
-0.0983887	138.31
-0.0981445	52.2147
-0.0979004	48.5076
-0.0976562	68.1716
-0.0974121	31.8999
-0.097168	142.652
-0.0969238	28.013
-0.0966797	48.894
-0.0964355	80.1231
-0.0961914	50.5274
-0.0959473	60.057
-0.0957031	155.71
-0.095459	42.1147
-0.0952148	89.5069
-0.0949707	52.5022
-0.0947266	128.945
-0.0944824	68.9204
-0.0942383	188.526
-0.0939941	73.9613
-0.09375	60.8235
-0.0935059	160.029
-0.0932617	24.0731
-0.0930176	113.42
-0.0927734	32.8899
-0.0925293	144.097
-0.0922852	146.889
-0.092041	125.987
-0.0917969	116.155
-0.0915527	117.25
-0.0913086	82.5847
-0.0910645	9.59522
-0.0908203	62.4383
-0.0905762	107.979
-0.090332	47.322
-0.0900879	87.4523
-0.0898438	61.6994
-0.0895996	78.0527
-0.0893555	25.9447
-0.0891113	39.8186
-0.0888672	31.5567
-0.088623	34.2125
-0.0883789	191.269
-0.0881348	65.4861
-0.0878906	38.4579
-0.0876465	69.4642
-0.0874023	83.178
-0.0871582	153.758
-0.0869141	94.2692
-0.0866699	131.884
-0.0864258	125.883
-0.0861816	27.675
-0.0859375	97.3597
-0.0856934	52.256
-0.0854492	47.396
-0.0852051	38.3263
-0.0849609	62.2433
-0.0847168	88.5404
-0.0844727	21.6727
-0.0842285	143.563
-0.0839844	71.8913
-0.0837402	80.3219
-0.0834961	116.922
-0.083252	73.4969
-0.0830078	40.8576
-0.0827637	169.098
-0.0825195	80.7052
-0.0822754	53.4146
-0.0820312	130.651
-0.0817871	64.3318
-0.081543	46.0395
-0.0812988	141.876
-0.0810547	117.603
-0.0808105	91.7948
-0.0805664	57.882
-0.0803223	139.098
-0.0800781	79.9342
-0.079834	42.0952
-0.0795898	124.38
-0.0793457	42.4612
-0.0791016	88.556
-0.0788574	84.1083
-0.0786133	29.7579
-0.0783691	132.2
-0.078125	37.9832
-0.0778809	106.634
-0.0776367	17.0884
-0.0773926	63.6405
-0.0771484	119.33
-0.0769043	163.523
-0.0766602	123.971
-0.076416	112.033
-0.0761719	90.9884
-0.0759277	36.2041
-0.0756836	104.87
-0.0754395	94.1807
-0.0751953	51.3388
-0.0749512	112.808
-0.074707	61.2562
-0.0744629	96.7692
-0.0742188	75.0475
-0.0739746	89.7092
-0.0737305	94.1098
-0.0734863	92.5009
-0.0732422	42.3258
-0.072998	99.9166
-0.0727539	8.44303
-0.0725098	94.9402
-0.0722656	56.8668
-0.0720215	168.671
-0.0717773	116.876
-0.0715332	25.8636
-0.0712891	99.8838
-0.0710449	149.791
-0.0708008	35.7471
-0.0705566	70.488
-0.0703125	86.9833
-0.0700684	35.5254
-0.0698242	63.573
-0.0695801	30.1525
-0.0693359	192.052
-0.0690918	21.8309
-0.0688477	58.6993
-0.0686035	75.0881
-0.0683594	92.4031
-0.0681152	68.6194
-0.0678711	53.5281
-0.067627	72.251
-0.0673828	110.596
-0.0671387	25.3069
-0.0668945	128.485
-0.0666504	63.9345
-0.0664062	51.7534
-0.0661621	100.513
-0.065918	6.17131
-0.0656738	106.45
-0.0654297	72.6304
-0.0651855	99.7344
-0.0649414	141.159
-0.0646973	111.07
-0.0644531	41.6467
-0.064209	122.39
-0.0639648	108.83
-0.0637207	43.6489
-0.0634766	40.2869
-0.0632324	80.2019
-0.0629883	26.624
-0.0627441	82.2592
-0.0625	113.235
-0.0622559	47.1157
-0.0620117	23.9487
-0.0617676	129.896
-0.0615234	49.5215
-0.0612793	81.1531
-0.0610352	29.0092
-0.060791	30.1826
-0.0605469	153.228
-0.0603027	83.7142
-0.0600586	89.0927
-0.0598145	144.554
-0.0595703	16.1815
-0.0593262	38.585
-0.059082	32.481
-0.0588379	118.053
-0.0585938	118.063
-0.0583496	21.5081
-0.0581055	133.609
-0.0578613	122.174
-0.0576172	105.557
-0.057373	87.9737
-0.0571289	161.458
-0.0568848	81.3875
-0.0566406	142.592
-0.0563965	155.881
-0.0561523	134.17
-0.0559082	43.2983
-0.0556641	30.0506
-0.0554199	103.635
-0.0551758	105.287
-0.0549316	79.7104
-0.0546875	78.2491
-0.0544434	75.602
-0.0541992	78.3173
-0.0539551	187.701
-0.0537109	123.443
-0.0534668	123.381
-0.0532227	9.42422
-0.0529785	168.712
-0.0527344	35.8359
-0.0524902	21.7282
-0.0522461	133.588
-0.052002	28.3531
-0.0517578	58.1364
-0.0515137	119.245
-0.0512695	62.9539
-0.0510254	115.147
-0.0507812	62.473
-0.0505371	78.3876
-0.050293	44.4135
-0.0500488	39.4141
-0.0498047	31.7986
-0.0495605	126.746
-0.0493164	63.3572
-0.0490723	43.7869
-0.0488281	57.3841
-0.048584	18.7661
-0.0483398	98.8402
-0.0480957	139.267
-0.0478516	124.757
-0.0476074	82.6246
-0.0473633	34.1507
-0.0471191	89.1671
-0.046875	67.2889
-0.0466309	63.717
-0.0463867	157.71
-0.0461426	84.0812
-0.0458984	83.9916
-0.0456543	54.0602
-0.0454102	54.655
-0.045166	101.347
-0.0449219	66.0474
-0.0446777	68.978
-0.0444336	31.2754
-0.0441895	47.0995
-0.0439453	71.974
-0.0437012	17.6048
-0.043457	8.22012
-0.0432129	112.575
-0.0429688	51.1289
-0.0427246	83.5928
-0.0424805	97.0908
-0.0422363	62.7655
-0.0419922	135.102
-0.041748	107.619
-0.0415039	64.0991
-0.0412598	43.18
-0.0410156	57.5392
-0.0407715	55.0263
-0.0405273	39.6906
-0.0402832	156.296
-0.0400391	69.5108
-0.0397949	131.072
-0.0395508	107.064
-0.0393066	44.8032
-0.0390625	65.6737
-0.0388184	40.3974
-0.0385742	109.954
-0.0383301	20.3421
-0.0380859	59.5309
-0.0378418	48.1805
-0.0375977	105.757
-0.0373535	124.255
-0.0371094	127.221
-0.0368652	95.0282
-0.0366211	113.641
-0.036377	9.79153
-0.0361328	167.392
-0.0358887	102.522
-0.0356445	138.141
-0.0354004	51.9427
-0.0351562	81.2324
-0.0349121	145.467
-0.034668	16.7004
-0.0344238	93.1175
-0.0341797	84.7616
-0.0339355	61.5116
-0.0336914	132.394
-0.0334473	115.457
-0.0332031	59.2686
-0.032959	123.671
-0.0327148	36.2273
-0.0324707	92.6734
-0.0322266	55.0544
-0.0319824	125.313
-0.0317383	33.7406
-0.0314941	141.889
-0.03125	29.4812
-0.0310059	26.9057
-0.0307617	60.8126
-0.0305176	42.8265
-0.0302734	55.6628
-0.0300293	101.548
-0.0297852	19.7975
-0.029541	63.6209
-0.0292969	53.7723
-0.0290527	59.1969
-0.0288086	41.9273
-0.0285645	97.3579
-0.0283203	95.0697
-0.0280762	158.011
-0.027832	96.0194
-0.0275879	72.5071
-0.0273438	88.9841
-0.0270996	28.3005
-0.0268555	131.896
-0.0266113	78.0476
-0.0263672	70.332
-0.026123	90.4525
-0.0258789	89.3665
-0.0256348	122.667
-0.0253906	12.6062
-0.0251465	27.4683
-0.0249023	36.7814
-0.0246582	120.934
-0.0244141	152.214
-0.0241699	43.2025
-0.0239258	90.3911
-0.0236816	115.359
-0.0234375	88.9587
-0.0231934	91.6414
-0.0229492	54.7348
-0.0227051	88.4632
-0.0224609	79.2373
-0.0222168	147.647
-0.0219727	64.5699
-0.0217285	39.5425
-0.0214844	87.3349
-0.0212402	91.3673
-0.0209961	58.0446
-0.020752	81.1302
-0.0205078	43.3462
-0.0202637	76.3891
-0.0200195	7.84784
-0.0197754	33.4395
-0.0195312	50.8755
-0.0192871	126.932
-0.019043	187.176
-0.0187988	54.1111
-0.0185547	63.8306
-0.0183105	111.581
-0.0180664	27.1834
-0.0178223	76.038
-0.0175781	94.5688
-0.017334	96.6046
-0.0170898	123.551
-0.0168457	56.7036
-0.0166016	70.9544
-0.0163574	14.9766
-0.0161133	163.909
-0.0158691	148.017
-0.015625	86.359
-0.0153809	59.9115
-0.0151367	16.6708
-0.0148926	78.6882
-0.0146484	72.9069
-0.0144043	39.2728
-0.0141602	113.667
-0.013916	126.281
-0.0136719	30.5697
-0.0134277	48.9927
-0.0131836	96.8332
-0.0129395	62.7379
-0.0126953	89.4783
-0.0124512	54.3039
-0.012207	99.648
-0.0119629	94.4657
-0.0117188	88.8229
-0.0114746	101.183
-0.0112305	22.4253
-0.0109863	38.9698
-0.0107422	73.4138
-0.010498	23.4575
-0.0102539	74.4673
-0.0100098	126.196
-0.00976562	131.909
-0.00952148	90.6344
-0.00927734	88.3712
-0.0090332	92.5792
-0.00878906	110.725
-0.00854492	69.1227
-0.00830078	47.9278
-0.00805664	117.472
-0.0078125	61.279
-0.00756836	121.33
-0.00732422	42.3654
-0.00708008	97.2847
-0.00683594	48.9925
-0.0065918	9.89316
-0.00634766	141.247
-0.00610352	87.4615
-0.00585938	93.7914
-0.00561523	95.5741
-0.00537109	20.9537
-0.00512695	97.1786
-0.00488281	70.4358
-0.00463867	119.031
-0.00439453	78.3509
-0.00415039	130.584
-0.00390625	86.5383
-0.00366211	127.804
-0.00341797	90.5793
-0.00317383	34.8
-0.00292969	154.96
-0.00268555	158.213
-0.00244141	98.8697
-0.00219727	23.1004
-0.00195312	39.2351
-0.00170898	178.408
-0.00146484	237.53
-0.0012207	72.3433
-0.000976562	99.9142
-0.000732422	180.875
-0.000488281	50.9079
-0.000244141	13.8901
